1:ItNr	2:Metric	3a:Time	3b:StepSize	4:||Gradient||	Time[ms]
0	31.697507	0.000000	0.486324	0.970390	21398.3
1	31.916164	0.000000	0.486324	0.910114	92.4
2	30.998301	0.000000	0.486324	0.752829	95.8
3	30.895125	0.000000	0.486324	0.666308	92.3
4	31.149873	0.000000	0.486324	0.651988	96.2
5	30.846304	0.000000	0.486324	0.585851	91.2
6	30.318423	0.000000	0.486324	0.477166	91.7
7	30.389102	0.000000	0.486324	0.480714	89.9
8	30.121194	0.000000	0.486324	0.463688	90.1
9	30.149917	0.000000	0.486324	0.417182	88.7
10	30.289510	0.000000	0.486324	0.414105	91.6
11	29.852472	0.000000	0.486324	0.403077	88.9
12	30.155643	0.000000	0.486324	0.366251	88.3
13	30.001158	0.000000	0.486324	0.341132	88.9
14	29.956691	0.000000	0.486324	0.339136	89.2
15	29.904008	0.000000	0.486324	0.290756	100.3
16	29.660705	0.000000	0.486324	0.273032	87.5
17	29.935817	0.000000	0.486324	0.281788	88.1
18	29.783609	0.000000	0.486324	0.242051	86.9
19	29.970387	0.000000	0.486324	0.268204	87.8
20	29.545870	0.000000	0.486324	0.216989	86.1
21	29.758297	0.000000	0.486324	0.227485	91.8
22	29.515812	0.000000	0.486324	0.203726	88.0
23	29.984820	0.000000	0.486324	0.215268	88.0
24	30.217045	0.000000	0.486324	0.230765	87.0
25	29.441659	0.000000	0.486324	0.217219	87.0
26	29.829904	0.000000	0.486324	0.193786	86.7
27	29.808777	0.000000	0.486324	0.158608	87.1
28	29.692029	0.000000	0.486324	0.189936	89.1
29	29.574133	0.000000	0.486324	0.186193	88.1
30	29.986165	0.000000	0.486324	0.185533	87.1
31	30.038144	0.000000	0.486324	0.180604	86.6
32	29.550211	0.000000	0.486324	0.173441	93.9
33	29.492737	0.000000	0.486324	0.145355	91.3
34	29.848608	0.000000	0.486324	0.147823	111.8
35	29.849473	0.000000	0.486324	0.167095	98.6
36	29.795556	0.000000	0.486324	0.166003	86.5
37	29.590221	0.000000	0.486324	0.156862	86.3
38	29.961283	0.000000	0.486324	0.157349	85.6
39	29.402108	0.000000	0.486324	0.144806	87.1
40	29.505284	0.063315	0.484862	0.154771	85.2
41	29.848748	0.032450	0.485573	0.151856	87.1
42	29.841124	0.021429	0.485828	0.139248	85.7
43	29.562993	0.014705	0.485983	0.132458	90.2
44	29.334291	0.010666	0.486077	0.130604	85.1
45	29.749549	0.000000	0.486324	0.150418	88.5
46	29.588996	0.000000	0.486324	0.143147	86.3
47	29.891575	0.012704	0.486030	0.127086	87.4
48	29.771857	0.042789	0.485335	0.135758	85.9
49	29.586468	0.086027	0.484340	0.121753	87.6
50	29.616547	0.119314	0.483576	0.126092	86.5
51	29.468652	0.091992	0.484203	0.145582	100.2
52	29.894829	0.059717	0.484945	0.139212	85.2
53	29.850713	0.086282	0.484334	0.139022	85.6
54	29.765438	0.056125	0.485027	0.134314	89.9
55	29.671742	0.152314	0.482822	0.138691	88.1
56	29.499789	0.130759	0.483314	0.141706	87.3
57	30.250521	0.191448	0.481930	0.140759	90.7
58	29.692541	0.233072	0.480985	0.131957	86.2
59	30.007282	0.472984	0.475612	0.145756	87.7
60	30.096913	0.632148	0.472112	0.148838	86.1
61	29.406165	0.640871	0.471922	0.137882	87.1
62	29.521617	0.720982	0.470181	0.128596	85.1
63	30.106903	0.702687	0.470578	0.130449	86.0
64	29.627858	0.734914	0.469880	0.140262	85.7
65	29.818874	0.892907	0.466489	0.154630	85.7
66	29.657922	0.857633	0.467242	0.145961	90.8
67	30.077286	0.955638	0.465156	0.163904	87.2
68	29.734724	1.592259	0.452049	0.128227	87.2
69	29.455704	1.809330	0.447747	0.141820	85.9
70	29.602390	2.171993	0.440739	0.142926	86.0
71	29.593070	2.397311	0.436495	0.134946	85.6
72	29.647469	2.379165	0.436833	0.128857	85.4
73	29.580633	2.555077	0.433571	0.155026	86.0
74	29.764539	2.536287	0.433917	0.118778	86.1
75	29.179465	2.531089	0.434013	0.146819	93.9
76	29.907115	2.604085	0.432671	0.119235	93.6
77	29.841191	2.651861	0.431797	0.129195	92.1
78	29.942490	2.711370	0.430713	0.142476	86.4
79	29.445463	2.722620	0.430509	0.140857	86.2
80	29.911808	2.948544	0.426448	0.124739	87.0
81	29.693162	3.002742	0.425485	0.165348	85.2
82	29.841368	3.455858	0.417601	0.141122	85.7
83	29.969818	3.507391	0.416723	0.145839	85.1
84	29.849194	4.169090	0.405767	0.130904	88.7
85	29.873958	4.405004	0.401999	0.120325	85.7
86	29.582476	4.410375	0.401915	0.130440	86.1
87	29.813929	4.581118	0.399232	0.131133	85.7
88	29.717891	4.629704	0.398475	0.140624	89.0
89	29.729245	4.975259	0.393174	0.136092	87.6
90	29.694656	5.372181	0.387257	0.133614	88.1
91	30.050765	5.639133	0.383376	0.117311	84.6
92	29.494425	5.709601	0.382364	0.123265	87.0
93	29.496504	5.730630	0.382064	0.104615	86.2
94	29.555332	5.718178	0.382242	0.125347	85.2
95	29.870959	5.776699	0.381406	0.134261	86.3
96	30.313759	6.035155	0.377760	0.162492	85.9
97	29.844203	6.106971	0.376759	0.125370	88.0
98	29.959150	6.316883	0.373864	0.135542	86.9
99	30.057463	6.329627	0.373690	0.157960	86.5
100	29.589052	6.701430	0.368674	0.122763	91.1
101	29.475619	7.120026	0.363186	0.121246	88.1
102	29.516756	7.103811	0.363396	0.126260	88.1
103	29.810822	7.103092	0.363405	0.145234	88.0
104	29.904577	7.577495	0.357372	0.130866	93.0
105	29.606844	7.668045	0.356243	0.122543	89.6
106	29.760794	7.839032	0.354131	0.131636	91.7
107	29.587045	8.007547	0.352074	0.113794	166.5
108	30.008799	8.035193	0.351739	0.155977	174.2
109	29.737727	8.251490	0.349138	0.133514	91.6
110	29.663338	8.610598	0.344903	0.123062	100.0
111	29.771851	8.637136	0.344595	0.117020	97.6
112	29.751892	8.674170	0.344165	0.122117	96.7
113	29.489953	8.686949	0.344016	0.136313	97.1
114	29.679107	8.700490	0.343860	0.123809	93.4
115	29.493842	8.789014	0.342838	0.116053	88.2
116	29.832710	8.855441	0.342075	0.126438	87.5
117	30.036405	9.079944	0.339522	0.131625	87.0
118	29.711302	9.066525	0.339673	0.131365	86.9
119	29.673026	9.389986	0.336058	0.120556	85.6
120	29.527391	9.556361	0.334228	0.121167	90.2
121	30.076000	9.660035	0.333098	0.139324	86.5
122	29.976465	9.658942	0.333110	0.139601	85.8
123	29.725327	9.946785	0.330012	0.108992	86.0
124	29.674168	9.975826	0.329702	0.136226	86.9
125	29.754985	10.101956	0.328365	0.128152	86.2
126	29.838814	10.265964	0.326643	0.104026	85.4
127	29.900388	10.287853	0.326414	0.103488	86.2
128	29.651087	10.335002	0.325923	0.129619	85.6
129	29.635605	10.434659	0.324890	0.121631	84.9
130	29.590521	10.541573	0.323788	0.118978	85.1
131	29.711783	10.570852	0.323488	0.136827	102.1
132	29.557422	10.714232	0.322026	0.124417	87.0
133	29.510623	10.726326	0.321903	0.123524	90.2
134	29.750563	10.708155	0.322087	0.119887	86.8
135	29.844001	10.707175	0.322097	0.145386	86.4
136	29.808857	10.882296	0.320328	0.139386	87.5
137	29.265899	11.053155	0.318621	0.117661	85.7
138	29.543574	11.104105	0.318115	0.126300	86.1
139	30.029111	11.090424	0.318251	0.136779	86.6
140	29.674104	11.188678	0.317279	0.124254	85.9
141	29.241649	11.311772	0.316071	0.120217	85.0
142	29.725416	11.389308	0.315314	0.110020	85.2
143	29.741955	11.376524	0.315438	0.131591	89.1
144	29.895170	11.400661	0.315203	0.140377	89.2
145	30.044811	11.578178	0.313486	0.118104	88.9
146	29.647331	11.952733	0.309923	0.150052	87.3
147	29.471882	12.040185	0.309102	0.138031	87.6
148	29.738908	12.643113	0.303563	0.126869	87.3
149	29.376817	12.649151	0.303508	0.109221	86.5
150	29.761965	12.671299	0.303309	0.166069	89.7
151	30.272424	12.763808	0.302478	0.134448	86.8
152	29.726111	13.101763	0.299480	0.130178	87.3
153	30.072532	13.127232	0.299257	0.137035	87.6
154	29.893604	13.124945	0.299277	0.118836	90.6
155	30.006780	13.119231	0.299327	0.133472	88.0
156	29.315539	13.126770	0.299261	0.111772	88.7
157	29.593589	13.168099	0.298899	0.137449	86.5
158	29.960903	13.140712	0.299138	0.157738	87.6
159	29.624553	13.125037	0.299276	0.139007	86.6
160	29.861390	13.149490	0.299062	0.144491	87.0
161	29.700353	13.484082	0.296160	0.135479	87.9
162	29.840635	13.782568	0.293618	0.124017	87.2
163	29.943328	13.744773	0.293938	0.118209	87.9
164	29.681266	13.915211	0.292503	0.129797	87.3
165	30.120545	14.011742	0.291696	0.119169	86.3
166	29.645649	14.036575	0.291490	0.107185	89.3
167	29.458596	14.037387	0.291483	0.129610	88.7
168	30.039694	14.071301	0.291201	0.140354	88.2
169	29.353155	14.255705	0.289678	0.128132	87.6
170	29.695753	14.459890	0.288010	0.121317	88.5
171	29.906575	14.449017	0.288098	0.131765	86.0
172	29.716540	14.519733	0.287525	0.105290	87.4
173	29.553828	14.655002	0.286434	0.117765	87.1
174	29.828520	14.968872	0.283934	0.136934	87.5
175	29.763430	15.295536	0.281379	0.117860	86.8
176	29.743251	15.325990	0.281143	0.129361	86.4
177	30.006891	15.434854	0.280303	0.131115	92.6
178	29.645997	15.459965	0.280110	0.122439	88.4
179	29.717932	15.522817	0.279628	0.123299	89.0
180	29.470128	15.545905	0.279451	0.142665	87.2
181	30.167782	15.935438	0.276504	0.113597	87.4
182	29.437502	15.931208	0.276536	0.109503	87.7
183	29.814507	16.258641	0.274105	0.119352	86.1
184	29.473814	16.503696	0.272314	0.114995	88.4
185	30.080439	16.635529	0.271361	0.140335	86.6
186	29.476021	16.969605	0.268973	0.125004	87.8
187	29.853327	17.292643	0.266704	0.126337	88.0
188	29.689250	17.272180	0.266847	0.141274	85.4
189	29.940212	17.285308	0.266755	0.155046	89.9
190	29.794007	17.800157	0.263215	0.119358	87.6
191	29.543156	17.794414	0.263254	0.130338	88.0
192	29.748514	17.812908	0.263129	0.118276	86.6
193	29.995376	17.844781	0.262913	0.133013	86.6
194	30.073878	17.994345	0.261905	0.119339	86.9
195	29.887695	18.231633	0.260321	0.121398	85.1
196	29.493379	18.276941	0.260020	0.126090	85.1
197	29.986168	18.335379	0.259634	0.109095	85.6
198	29.702965	18.296671	0.259890	0.151052	86.3
199	30.164343	18.426278	0.259035	0.122198	84.5
200	30.041494	18.462524	0.258797	0.133560	87.2
201	29.796452	18.508954	0.258493	0.123310	89.6
202	30.275317	18.521812	0.258409	0.122002	87.6
203	29.329264	18.534739	0.258325	0.110521	86.1
204	29.674630	18.736282	0.257014	0.136590	85.6
205	29.603183	18.716299	0.257144	0.111786	86.6
206	30.001349	18.678865	0.257386	0.134757	86.1
207	29.828007	18.666526	0.257466	0.134636	86.9
208	30.005609	18.752353	0.256911	0.118471	85.3
209	29.842797	18.782728	0.256714	0.119173	86.2
210	29.522815	18.838947	0.256352	0.130792	85.3
211	29.839326	18.852181	0.256267	0.122768	85.0
212	29.877075	18.886603	0.256046	0.140041	90.3
213	29.928459	18.969392	0.255515	0.124845	86.6
214	29.710590	19.202796	0.254032	0.124439	86.9
215	29.772618	19.177781	0.254190	0.133947	86.0
216	29.928321	19.266680	0.253629	0.123056	85.6
217	29.505027	19.411046	0.252723	0.114368	87.8
218	29.831057	19.430778	0.252600	0.145545	84.9
219	29.926452	19.390683	0.252850	0.124275	85.7
220	29.897968	19.686781	0.251010	0.123434	86.2
221	29.555803	19.672212	0.251100	0.125452	86.3
222	29.884895	19.676550	0.251073	0.135529	86.4
223	29.905208	19.796583	0.250335	0.133657	87.0
224	29.528316	19.759040	0.250565	0.127793	88.7
225	29.900043	19.747006	0.250639	0.119252	87.7
226	29.855633	19.841044	0.250062	0.143211	91.7
227	29.934583	20.161447	0.248116	0.115870	91.7
228	29.739055	20.266746	0.247483	0.120557	85.4
229	29.822021	20.447184	0.246405	0.127373	84.6
230	30.002241	20.437819	0.246461	0.144506	85.5
231	29.550919	20.483017	0.246192	0.133792	86.0
232	30.207892	20.950958	0.243446	0.132652	85.2
233	29.921492	20.995148	0.243190	0.120450	86.7
234	29.531624	21.012192	0.243091	0.120407	87.3
235	29.873327	21.062830	0.242799	0.118446	87.9
236	29.879814	21.152156	0.242284	0.124334	86.3
237	29.466871	21.287656	0.241508	0.124222	84.8
238	29.887572	21.375914	0.241005	0.137278	85.1
239	29.855939	21.405297	0.240838	0.117751	86.4
240	29.577050	21.430624	0.240694	0.132398	84.9
241	29.674666	21.539107	0.240080	0.120488	85.1
242	29.548646	21.521183	0.240181	0.124597	85.8
243	29.612877	21.579767	0.239851	0.134279	84.6
244	30.145453	22.175541	0.236541	0.121733	85.3
245	30.203314	22.155404	0.236652	0.123681	86.4
246	29.629649	22.308143	0.235817	0.135228	89.2
247	29.778629	22.412591	0.235250	0.136436	86.6
248	30.005165	22.426482	0.235174	0.127074	87.4
249	29.742355	22.397527	0.235331	0.131217	86.8
250	29.564979	22.552654	0.234493	0.112121	86.5
251	29.769386	22.569249	0.234404	0.130919	85.5
252	29.452920	22.631606	0.234069	0.109834	85.2
253	29.755387	22.677926	0.233821	0.117520	86.1
254	29.894201	22.764203	0.233360	0.152463	85.9
255	29.382944	22.764622	0.233357	0.127455	86.3
256	29.717000	22.866516	0.232815	0.135924	85.3
257	29.582849	23.053859	0.231825	0.112804	84.4
258	29.686275	23.040997	0.231893	0.119638	89.7
259	29.512230	23.068408	0.231749	0.127492	94.6
260	30.115991	23.359280	0.230229	0.143767	88.5
261	29.627140	23.337671	0.230341	0.145839	85.5
262	29.766503	23.336635	0.230347	0.124667	85.6
263	29.943802	23.313704	0.230466	0.123596	87.1
264	29.348045	23.532564	0.229333	0.119060	85.0
265	29.444309	23.668565	0.228635	0.115321	85.8
266	29.797637	23.697713	0.228486	0.127108	85.2
267	29.399402	23.703253	0.228458	0.113052	86.5
268	29.521318	23.915484	0.227378	0.126045	85.3
269	29.808446	23.944986	0.227229	0.125386	85.5
270	29.898305	24.046500	0.226717	0.120518	89.8
271	29.849638	24.063209	0.226633	0.126049	87.3
272	29.362757	24.129110	0.226302	0.113832	86.8
273	29.310686	24.124513	0.226325	0.115238	87.1
274	29.333923	24.150518	0.226194	0.118035	86.5
275	29.688400	24.164225	0.226126	0.115655	93.9
276	30.121613	24.126759	0.226314	0.137473	89.0
277	29.784621	24.327564	0.225311	0.131608	87.3
278	29.693147	24.405105	0.224926	0.136286	85.9
279	29.549640	24.755479	0.223204	0.106611	86.2
280	29.958036	24.772587	0.223120	0.129241	85.7
281	29.958119	24.744720	0.223256	0.124315	90.3
282	30.081645	24.798805	0.222993	0.131260	86.2
283	29.589089	24.804333	0.222966	0.113163	88.3
284	29.759011	24.960920	0.222206	0.135620	86.0
285	29.961603	25.025772	0.221893	0.138689	87.1
286	30.048686	25.247500	0.220829	0.151705	84.8
287	29.271899	25.354987	0.220317	0.116177	86.7
288	29.779609	25.498278	0.219638	0.133794	85.9
289	29.604511	25.523403	0.219520	0.120491	85.3
290	29.946816	25.524887	0.219513	0.137749	85.8
291	29.514110	25.498673	0.219636	0.115458	85.4
292	29.493821	25.578697	0.219259	0.108511	85.2
293	29.787586	25.702447	0.218678	0.137315	89.8
294	29.763385	25.720418	0.218594	0.123083	86.9
295	29.511613	25.790905	0.218265	0.124255	87.1
296	29.785597	26.027016	0.217169	0.116445	87.8
297	29.698570	26.072321	0.216960	0.106620	86.0
298	29.802829	26.137600	0.216659	0.135342	85.6
299	30.089910	26.115552	0.216761	0.130800	86.2
300	29.976133	26.220902	0.216277	0.178832	86.4
301	30.090171	26.199304	0.216376	0.131050	85.2
302	30.088453	26.781989	0.213737	0.123162	85.2
303	29.643927	26.964870	0.212922	0.123190	87.3
304	29.435560	26.954514	0.212968	0.111304	89.7
305	29.698749	27.024247	0.212659	0.129180	88.2
306	29.528260	26.996377	0.212783	0.127578	86.7
307	30.059532	27.014636	0.212702	0.121268	86.4
308	29.984784	27.107364	0.212292	0.133578	86.8
309	29.833337	27.199327	0.211887	0.108264	85.0
310	29.777192	27.170496	0.212014	0.125422	86.7
311	29.970208	27.225952	0.211770	0.124359	85.0
312	30.024451	27.535161	0.210421	0.127646	87.9
313	29.510198	27.522483	0.210476	0.141876	86.1
314	29.810076	27.612597	0.210085	0.107162	85.1
315	29.639582	27.950219	0.208636	0.116373	85.8
316	29.794878	27.998419	0.208431	0.125977	89.4
317	29.479750	28.114447	0.207939	0.144798	87.7
318	29.575339	28.188925	0.207624	0.135004	86.6
319	29.946766	28.537557	0.206163	0.122155	87.4
320	29.983246	28.580113	0.205986	0.117487	84.3
321	29.613369	28.692889	0.205518	0.140627	86.1
322	29.778450	28.771464	0.205194	0.140789	85.6
323	29.962901	28.836089	0.204928	0.128902	86.0
324	29.871316	28.835495	0.204930	0.117028	86.8
325	29.631540	29.024266	0.204157	0.102612	85.8
326	29.585210	29.003388	0.204242	0.127181	85.7
327	29.748469	28.964832	0.204400	0.144910	88.8
328	29.780514	29.061178	0.204006	0.127914	86.8
329	30.033421	29.066102	0.203986	0.127407	87.3
330	29.851985	29.058003	0.204019	0.128292	100.5
331	30.022344	29.104777	0.203829	0.143993	137.1
332	29.726620	29.116896	0.203780	0.135822	89.5
333	29.372234	29.171407	0.203558	0.134167	84.7
334	29.469597	29.324869	0.202937	0.114669	86.2
335	29.738454	29.306175	0.203013	0.111921	86.3
336	29.766396	29.278590	0.203124	0.117463	85.3
337	29.523312	29.265767	0.203176	0.135857	91.0
338	29.512766	29.266299	0.203174	0.113707	87.0
339	30.157423	29.363299	0.202783	0.126692	86.1
340	29.905200	29.392380	0.202666	0.117479	86.8
341	29.468750	29.423386	0.202541	0.107305	86.6
342	29.685187	29.458191	0.202401	0.113779	87.1
343	29.792748	29.444028	0.202458	0.129306	86.2
344	29.740318	29.504526	0.202216	0.099582	85.3
345	29.414303	29.526620	0.202127	0.103758	85.3
346	30.028607	29.584016	0.201898	0.125623	85.5
347	29.631455	29.586166	0.201889	0.107347	86.6
348	29.740517	29.650297	0.201634	0.112682	85.4
349	29.588513	29.735942	0.201293	0.108138	89.7
350	29.646893	29.954520	0.200430	0.120721	86.3
351	29.743152	29.974326	0.200352	0.136353	85.3
352	29.661693	30.048851	0.200059	0.116017	85.6
353	29.962425	30.288295	0.199125	0.121358	85.0
354	29.809583	30.270398	0.199195	0.133798	86.6
355	29.530434	30.464312	0.198444	0.120357	85.4
356	29.443624	30.509296	0.198271	0.114175	85.4
357	29.313561	30.493036	0.198334	0.113507	85.2
358	29.623893	30.504711	0.198289	0.120658	86.3
359	29.873937	30.496238	0.198321	0.130473	86.2
360	29.626813	30.577789	0.198008	0.131340	85.2
361	29.958140	30.585542	0.197978	0.122551	90.1
362	30.027728	30.632202	0.197799	0.120984	86.3
363	29.835419	30.609411	0.197886	0.136472	86.5
364	29.972696	30.589792	0.197962	0.120436	85.9
365	29.194837	30.613886	0.197869	0.122768	85.2
366	29.600014	30.606744	0.197897	0.142370	86.8
367	29.747257	30.629230	0.197810	0.129886	84.6
368	29.651191	30.729491	0.197427	0.119684	85.0
369	29.801209	30.779897	0.197235	0.121090	87.1
370	29.628841	30.777245	0.197245	0.137547	84.9
371	29.550108	30.874541	0.196875	0.127326	85.7
372	29.588148	31.430681	0.194787	0.103032	87.5
373	29.474063	31.470565	0.194639	0.111198	90.0
374	29.849186	31.473270	0.194629	0.123889	88.8
375	29.811726	31.483453	0.194591	0.114988	86.0
376	29.791349	31.492798	0.194556	0.110491	85.2
377	29.571590	31.621175	0.194082	0.125208	85.8
378	29.770291	31.656346	0.193952	0.148853	85.8
379	29.855125	32.185732	0.192021	0.128386	87.2
380	29.688272	32.325067	0.191520	0.131330	88.0
381	30.134766	32.305762	0.191589	0.114262	85.5
382	29.868625	32.321486	0.191533	0.129134	86.4
383	29.632259	32.410594	0.191213	0.124186	85.6
384	29.907605	32.491978	0.190922	0.125477	89.0
385	29.893455	32.454315	0.191057	0.108085	86.3
386	29.574603	32.488384	0.190935	0.122714	103.9
387	29.475488	32.560635	0.190677	0.157088	88.5
388	30.125002	32.544471	0.190735	0.131168	88.5
389	30.226734	32.650047	0.190360	0.125785	88.6
390	29.703635	32.662137	0.190317	0.125774	85.4
391	29.963252	32.669655	0.190290	0.122923	87.8
392	30.214474	32.766366	0.189948	0.104992	86.8
393	29.883866	32.739129	0.190044	0.125261	86.7
394	29.886790	32.728568	0.190081	0.132884	85.7
395	30.104510	32.761160	0.189966	0.123981	89.4
396	29.874277	32.859143	0.189621	0.122654	88.0
397	29.611531	32.906007	0.189456	0.097915	88.5
398	29.982424	32.930766	0.189369	0.129410	86.8
399	29.845545	32.923396	0.189395	0.120460	84.5
400	29.656206	32.992963	0.189151	0.111697	88.2
401	29.950861	32.971594	0.189225	0.129057	85.8
402	30.011797	32.947006	0.189312	0.139692	84.6
403	29.656294	33.056503	0.188928	0.127075	86.1
404	29.770064	33.092091	0.188804	0.115500	86.4
405	30.069278	33.108145	0.188748	0.122923	85.5
406	29.888401	33.180055	0.188497	0.138933	86.0
407	29.697016	33.294638	0.188100	0.095010	89.7
408	29.894574	33.300667	0.188079	0.140527	87.1
409	29.588657	33.361528	0.187868	0.109717	86.3
410	29.984838	33.395953	0.187749	0.126581	88.1
411	29.821127	33.469606	0.187495	0.132439	86.4
412	29.898314	33.446888	0.187574	0.120784	84.8
413	29.902039	33.484962	0.187443	0.109758	85.3
414	29.669396	33.497825	0.187398	0.130825	85.1
415	29.795076	33.547320	0.187228	0.125422	86.4
416	29.447381	33.592721	0.187073	0.133188	85.6
417	29.634796	33.567614	0.187159	0.119263	89.6
418	29.743888	34.117030	0.185293	0.125066	87.6
419	29.831563	34.144334	0.185201	0.134303	86.2
420	30.059400	34.204051	0.185001	0.152163	85.1
421	29.924920	34.770827	0.183121	0.127612	89.1
422	29.702168	35.153275	0.181874	0.117311	84.8
423	30.291744	35.181788	0.181781	0.139493	85.0
424	29.785245	35.175444	0.181802	0.133857	85.0
425	29.916535	35.171445	0.181815	0.111101	84.7
426	29.638564	35.176212	0.181799	0.108868	85.4
427	29.445050	35.150936	0.181881	0.100499	87.0
428	29.723415	35.134000	0.181936	0.131133	85.0
429	29.637885	35.116714	0.181992	0.136228	85.3
430	30.224167	35.329381	0.181305	0.177391	89.9
431	29.779586	35.392855	0.181101	0.148188	87.1
432	30.070053	35.573638	0.180522	0.131446	86.1
433	29.824193	35.958554	0.179302	0.110850	85.6
434	30.046687	35.922521	0.179416	0.129050	85.6
435	29.923729	35.982775	0.179226	0.111243	84.6
436	29.613281	36.157465	0.178678	0.138151	86.4
437	29.910287	36.169449	0.178641	0.132930	85.8
438	29.820958	36.186800	0.178587	0.108897	85.8
439	30.206152	36.178840	0.178611	0.116600	86.3
440	29.741829	36.219400	0.178485	0.123478	85.9
441	29.413353	36.389660	0.177955	0.107520	84.9
442	29.747105	36.519366	0.177554	0.118533	88.6
443	29.709685	36.534546	0.177507	0.125900	85.6
444	29.790165	36.632754	0.177205	0.113471	85.7
445	29.632942	36.623583	0.177233	0.106298	85.7
446	29.806573	36.613055	0.177265	0.133529	88.8
447	29.743913	36.740560	0.176874	0.126085	87.2
448	29.747588	36.707923	0.176974	0.128217	86.1
449	29.592005	37.000351	0.176082	0.127245	88.5
450	29.849450	37.114046	0.175737	0.132288	86.4
451	29.589048	37.617088	0.174229	0.115270	85.1
452	30.281105	37.595773	0.174292	0.130329	85.5
453	30.147356	37.581189	0.174336	0.124251	89.0
454	30.178030	37.555049	0.174414	0.130260	88.8
455	30.166332	37.576551	0.174350	0.120632	86.8
456	29.491348	37.632779	0.174182	0.109569	86.0
457	29.784033	37.633026	0.174182	0.121238	88.8
458	29.511648	37.641550	0.174156	0.120585	87.3
459	29.844612	37.816347	0.173639	0.122228	85.9
460	29.905889	37.794913	0.173702	0.107518	84.8
461	29.350637	37.779671	0.173747	0.098501	85.5
462	29.738770	37.826745	0.173608	0.122886	85.3
463	29.358115	37.863056	0.173501	0.112723	84.7
464	29.972157	37.869034	0.173483	0.138089	91.3
465	29.892503	37.930281	0.173303	0.100790	86.6
466	29.667264	38.004002	0.173087	0.114058	88.1
467	29.896383	37.992782	0.173119	0.127231	84.6
468	29.417808	38.046977	0.172961	0.126497	87.1
469	30.108407	38.016598	0.173050	0.139027	85.7
470	29.546325	38.005898	0.173081	0.128783	86.2
471	30.287885	38.059107	0.172925	0.124044	85.5
472	29.936867	38.152343	0.172652	0.124636	85.4
473	30.014090	38.166139	0.172612	0.121894	84.9
474	29.756858	38.309180	0.172196	0.108182	86.2
475	29.902587	38.456520	0.171769	0.127098	88.3
476	29.702378	38.452932	0.171780	0.105615	88.8
477	29.855073	38.466196	0.171741	0.109699	87.0
478	29.465175	38.508208	0.171620	0.103046	85.4
479	29.849919	38.544625	0.171515	0.114576	85.9
480	29.898734	38.562103	0.171465	0.137006	84.7
481	30.024017	38.654759	0.171198	0.116866	85.2
482	29.664801	38.639183	0.171243	0.118004	85.4
483	29.466068	38.676833	0.171135	0.116657	86.3
484	29.700802	38.697776	0.171075	0.125573	85.6
485	29.604171	38.738877	0.170957	0.131771	85.5
486	30.094401	39.152994	0.169780	0.117084	85.6
487	29.780223	39.130446	0.169844	0.123191	89.0
488	30.007622	39.502735	0.168799	0.112408	87.7
489	29.742455	39.673694	0.168323	0.136472	89.7
490	29.794387	39.793273	0.167992	0.137002	86.3
491	29.815090	39.841453	0.167859	0.119525	85.0
492	30.003546	40.200255	0.166875	0.116743	84.4
493	29.939075	40.473309	0.166134	0.134323	86.1
494	29.732844	40.438547	0.166228	0.128545	85.8
495	29.902768	40.467376	0.166150	0.109285	85.9
496	29.338311	40.619726	0.165739	0.087035	84.7
497	29.412658	40.612053	0.165760	0.116748	85.7
498	29.545595	40.618873	0.165741	0.117549	86.9
499	29.528099	40.670512	0.165603	0.139090	88.5
500	29.999206	40.708437	0.165501	0.100664	85.6
501	29.600398	40.712156	0.165491	0.132493	86.3
502	30.149892	40.863999	0.165085	0.127304	86.8
503	29.872529	40.865544	0.165081	0.121546	84.5
504	29.878732	40.837307	0.165156	0.119138	85.2
505	29.575409	40.805927	0.165240	0.118753	84.7
506	29.580426	40.820891	0.165200	0.140310	85.1
507	29.859855	40.873127	0.165060	0.116633	88.5
508	29.771552	40.857788	0.165101	0.112113	87.6
509	29.697690	40.871121	0.165066	0.123407	88.0
510	29.951626	40.864638	0.165083	0.130964	86.9
511	29.354623	40.944918	0.164869	0.103631	90.1
512	29.508411	40.948037	0.164861	0.111748	87.9
513	30.043215	40.959098	0.164831	0.130295	86.7
514	29.614572	41.132964	0.164370	0.124153	86.5
515	29.577264	41.217171	0.164148	0.118209	87.6
516	29.936714	41.195754	0.164204	0.109026	88.6
517	29.554963	41.194292	0.164208	0.114730	85.7
518	29.318255	41.181783	0.164241	0.112728	87.3
519	29.869830	41.253614	0.164051	0.151076	85.4
520	29.972910	41.761830	0.162723	0.125778	87.8
521	29.810593	42.042591	0.161998	0.126970	87.0
522	30.092074	42.249026	0.161470	0.137151	86.4
523	29.361067	42.227885	0.161524	0.110137	90.5
524	29.382262	42.218861	0.161547	0.119871	87.2
525	29.341802	42.279921	0.161391	0.118319	88.3
526	29.869276	42.277478	0.161397	0.127339	88.2
527	29.625546	42.329417	0.161265	0.104403	85.6
528	29.935165	42.362187	0.161181	0.128141	84.9
529	29.591197	42.443937	0.160974	0.134528	85.7
530	30.094055	42.419887	0.161035	0.135680	87.4
531	29.859157	42.392432	0.161104	0.133090	86.4
532	29.704386	42.477471	0.160889	0.135329	88.0
533	29.947838	43.071280	0.159397	0.135518	90.2
534	29.772503	43.099289	0.159328	0.118532	86.0
535	29.695290	43.310309	0.158805	0.106844	85.8
536	29.707252	43.312802	0.158799	0.105506	89.6
537	30.150213	43.297670	0.158836	0.127388	87.6
538	29.862786	43.365650	0.158668	0.117893	87.1
539	29.875305	43.352151	0.158702	0.118739	87.8
540	29.979129	43.368987	0.158660	0.123390	98.9
541	29.726115	43.386290	0.158618	0.123207	86.7
542	29.570140	43.866862	0.157442	0.123947	86.3
543	29.492944	43.887428	0.157393	0.106500	87.4
544	30.009667	43.898764	0.157365	0.135948	87.2
545	29.762129	43.888771	0.157389	0.128930	90.6
546	29.291630	43.897652	0.157368	0.126730	88.3
547	29.553325	44.140450	0.156781	0.113047	86.5
548	30.032814	44.263328	0.156486	0.153530	87.5
549	29.915065	44.282820	0.156439	0.119598	87.0
550	29.479663	44.995079	0.154751	0.100490	87.2
551	29.897865	45.012764	0.154709	0.121884	88.0
552	29.620752	45.055781	0.154609	0.103224	86.3
553	29.538363	45.054879	0.154611	0.125871	85.8
554	29.745075	45.087102	0.154535	0.104726	85.9
555	29.879326	45.110473	0.154481	0.130886	86.1
556	29.728956	45.122908	0.154452	0.132065	89.6
557	30.163195	45.596427	0.153354	0.122027	88.0
558	30.061974	45.603134	0.153338	0.143430	87.8
559	29.610924	45.584871	0.153380	0.119482	86.4
560	29.818160	45.723146	0.153062	0.116680	87.6
561	29.801042	45.990795	0.152451	0.114788	86.0
562	29.741729	45.995452	0.152440	0.122988	85.9
563	29.806031	46.031266	0.152359	0.157640	85.6
564	29.433928	46.608316	0.151058	0.135803	86.0
565	29.700591	46.619104	0.151034	0.116502	87.4
566	29.944708	46.670685	0.150919	0.128934	86.6
567	29.403620	46.941976	0.150316	0.112175	87.3
568	29.690258	47.011560	0.150163	0.109562	90.2
569	29.851634	46.974651	0.150244	0.128358	91.9
570	29.957224	46.952299	0.150294	0.145379	86.3
571	29.673619	46.946949	0.150305	0.109628	85.5
572	29.664350	46.945686	0.150308	0.131890	85.6
573	29.764710	46.985159	0.150221	0.122603	88.1
574	29.598223	46.949809	0.150299	0.119074	89.4
575	29.785021	47.078354	0.150015	0.119650	89.6
576	29.944605	47.047507	0.150083	0.116696	85.4
577	29.422076	47.070919	0.150032	0.116851	84.4
578	29.998829	47.091133	0.149987	0.132977	85.3
579	29.965952	47.075622	0.150021	0.122348	85.8
580	29.555568	47.110497	0.149945	0.121265	91.3
581	29.604867	47.100840	0.149966	0.127665	86.8
582	29.836564	47.057836	0.150061	0.138511	84.4
583	30.391959	47.093896	0.149981	0.139289	86.2
584	29.830543	47.112776	0.149940	0.118300	86.6
585	29.525491	47.094916	0.149979	0.117928	86.3
586	29.938287	47.089465	0.149991	0.138690	85.8
587	29.821090	47.092363	0.149984	0.136779	85.2
588	29.682238	47.396294	0.149318	0.110582	85.4
589	30.116061	47.590536	0.148895	0.119629	86.4
590	29.519726	47.665237	0.148733	0.113240	86.3
591	29.547126	47.758836	0.148531	0.106353	89.7
592	29.782274	47.742885	0.148565	0.136970	85.9
593	29.780357	47.707543	0.148642	0.114885	86.0
594	29.881003	47.699250	0.148660	0.135632	86.4
595	29.911728	48.009965	0.147990	0.114625	85.8
596	29.700855	47.968688	0.148079	0.121099	84.7
597	29.996950	47.958676	0.148100	0.108815	87.3
598	29.683972	47.934693	0.148152	0.104829	85.4
599	29.795856	47.910301	0.148204	0.122040	85.0
600	29.598597	47.901629	0.148223	0.125289	85.4
601	29.463509	48.064250	0.147874	0.120442	85.6
602	29.592655	48.041669	0.147922	0.113639	88.5
603	29.934142	48.085161	0.147829	0.105192	89.9
604	29.674376	48.115503	0.147764	0.114807	86.3
605	30.076046	48.181515	0.147623	0.116912	86.8
606	29.323705	48.160540	0.147668	0.129697	84.8
607	29.516080	48.351593	0.147261	0.121932	86.0
608	30.250745	48.413964	0.147129	0.125413	85.4
609	29.718277	48.474276	0.147001	0.123124	85.0
610	29.868308	48.717643	0.146488	0.131317	86.2
611	30.098418	48.764862	0.146389	0.121605	84.9
612	29.516503	48.753883	0.146412	0.112825	86.9
613	29.795193	48.917902	0.146068	0.129540	85.6
614	29.542171	49.018379	0.145859	0.135874	88.4
615	29.647819	49.092859	0.145704	0.118777	85.9
616	29.444060	49.067115	0.145757	0.109956	86.6
617	29.691560	49.051851	0.145789	0.109922	85.5
618	29.986625	49.013096	0.145870	0.130083	86.7
619	29.745376	49.022355	0.145851	0.110851	84.2
620	29.854608	49.331181	0.145210	0.119721	97.6
621	29.531090	49.317648	0.145238	0.133924	84.9
622	29.358183	49.372294	0.145125	0.115336	84.6
623	29.891891	49.336545	0.145199	0.109171	85.7
624	29.675059	49.363763	0.145143	0.112667	88.6
625	29.829642	49.365866	0.145139	0.126951	90.3
626	29.925559	49.529593	0.144802	0.136363	86.2
627	30.195150	49.533117	0.144794	0.129022	85.9
628	29.414677	49.893413	0.144058	0.122106	86.3
629	29.426616	50.089233	0.143662	0.115827	86.7
630	29.508335	50.230707	0.143376	0.121353	87.4
631	29.888449	50.201130	0.143436	0.115051	86.5
632	29.736461	50.214250	0.143409	0.118845	87.4
633	29.696843	50.278069	0.143281	0.122767	85.0
634	29.550478	50.355466	0.143126	0.126364	84.2
635	29.648092	50.337192	0.143162	0.111593	86.9
636	29.689776	50.339909	0.143157	0.111386	88.3
637	29.385776	50.494967	0.142846	0.096878	89.4
638	29.583905	50.547294	0.142742	0.102905	86.7
639	30.171138	50.528840	0.142779	0.118403	86.4
640	29.731211	50.663024	0.142511	0.117250	84.7
641	29.715925	50.969070	0.141905	0.129452	86.5
642	29.647936	51.038599	0.141768	0.118446	85.0
643	29.774881	51.056812	0.141733	0.111058	86.1
644	29.808099	51.174037	0.141502	0.113073	84.8
645	29.867601	51.161600	0.141527	0.108319	85.9
646	29.935074	51.205824	0.141440	0.124235	85.3
647	29.841026	51.288500	0.141278	0.124171	87.1
648	29.506863	51.278526	0.141298	0.123198	84.9
649	29.644287	51.253030	0.141348	0.113900	90.9
650	29.737260	51.269774	0.141315	0.107227	86.0
651	30.109959	51.262497	0.141329	0.116769	85.7
652	29.687817	51.269093	0.141316	0.120625	98.9
653	29.446089	51.369390	0.141120	0.136977	86.5
654	30.264725	51.343878	0.141170	0.123472	85.9
655	29.520675	51.406238	0.141049	0.105670	86.4
656	29.857104	51.401358	0.141058	0.121734	85.1
657	29.232290	51.419367	0.141023	0.123064	85.5
658	29.749339	51.413574	0.141034	0.107134	84.3
659	29.494813	51.411568	0.141038	0.103757	84.6
660	29.937377	51.391938	0.141076	0.118519	91.9
661	29.319916	51.402319	0.141056	0.116533	89.5
662	29.900482	51.441276	0.140980	0.127012	86.1
663	29.664154	51.431801	0.140999	0.130701	85.9
664	29.936896	51.410535	0.141040	0.117640	85.7
665	29.611910	51.388546	0.141083	0.139926	85.3
666	29.742368	51.743697	0.140394	0.128078	86.3
667	29.836471	51.717005	0.140446	0.137856	86.5
668	29.840067	51.727063	0.140426	0.115953	92.7
669	29.712199	51.943797	0.140009	0.111758	86.3
670	29.404433	51.917986	0.140059	0.121919	86.4
671	29.835708	52.039124	0.139826	0.105627	89.2
672	29.800770	52.065862	0.139775	0.112314	87.9
673	29.804508	52.093803	0.139722	0.117273	86.0
674	29.593080	52.067004	0.139773	0.141491	85.7
675	29.749310	52.114056	0.139683	0.119832	85.5
676	29.745871	52.099112	0.139712	0.118373	87.8
677	29.415671	52.302395	0.139324	0.106860	87.4
678	29.507643	52.400411	0.139138	0.135740	84.1
679	29.749673	52.436129	0.139070	0.105367	85.9
680	29.792777	52.743912	0.138490	0.131929	86.0
681	29.942023	52.734762	0.138507	0.144550	85.1
682	29.988758	53.452228	0.137173	0.134734	87.7
683	29.945811	53.510072	0.137066	0.124407	88.1
684	30.018600	53.504488	0.137076	0.116453	86.9
685	30.003133	53.497733	0.137089	0.128022	85.8
686	29.420405	53.527805	0.137033	0.113880	85.1
687	29.375525	53.554295	0.136985	0.107979	88.0
688	29.843272	53.636417	0.136834	0.144133	85.3
689	29.710943	53.606423	0.136889	0.141688	86.9
690	30.082253	53.807483	0.136521	0.125039	85.6
691	29.562237	53.804473	0.136527	0.108897	86.7
692	30.024025	53.920861	0.136314	0.106208	86.6
693	30.084563	53.915108	0.136325	0.104174	86.1
694	29.376502	53.922465	0.136312	0.106714	86.7
695	30.069571	53.915464	0.136324	0.131941	91.1
696	29.736631	53.882827	0.136384	0.124925	89.5
697	29.744572	54.032465	0.136112	0.112535	85.6
698	29.573537	54.024914	0.136125	0.125902	85.9
699	29.654836	54.279797	0.135665	0.133533	87.3
700	29.800848	54.318824	0.135594	0.101662	89.3
701	29.709861	54.357262	0.135525	0.126522	85.6
702	29.988556	54.462250	0.135337	0.126649	84.7
703	29.612622	54.420786	0.135411	0.120862	85.3
704	30.255551	54.538548	0.135200	0.129594	85.9
705	29.733451	54.602531	0.135085	0.104047	85.3
706	29.655056	54.632510	0.135032	0.101957	89.0
707	29.633764	54.606077	0.135079	0.126746	86.4
708	29.403917	54.708704	0.134896	0.115227	85.2
709	29.627051	54.784176	0.134762	0.104340	85.8
710	29.481520	54.762832	0.134800	0.115061	84.8
711	29.840318	54.750769	0.134821	0.129236	86.4
712	29.744475	54.715040	0.134885	0.112019	85.9
713	29.622270	54.713381	0.134888	0.150322	85.3
714	29.883587	54.764021	0.134797	0.135949	85.5
715	29.735112	54.725226	0.134867	0.124944	87.1
716	29.677888	54.700919	0.134910	0.127787	84.7
717	29.577015	55.052855	0.134286	0.115432	89.4
718	30.205634	55.039721	0.134309	0.137340	91.3
719	30.077245	55.050892	0.134289	0.123704	86.9
720	29.985798	55.068207	0.134258	0.134984	85.5
721	29.547765	55.107361	0.134189	0.129624	85.5
722	29.651609	55.236358	0.133962	0.123918	86.7
723	29.393480	55.222877	0.133986	0.097147	85.9
724	29.960042	55.275066	0.133894	0.110132	86.4
725	29.607706	55.352483	0.133759	0.121624	86.5
726	29.056251	55.374042	0.133721	0.125354	84.5
727	29.792124	55.445073	0.133597	0.126828	84.7
728	29.764677	55.572912	0.133374	0.113183	87.7
729	29.593478	55.605628	0.133317	0.132446	89.0
730	29.666844	55.792697	0.132992	0.118096	86.0
731	29.839564	55.858496	0.132878	0.115722	86.3
732	29.685162	55.834518	0.132919	0.126710	85.9
733	30.081857	56.050305	0.132547	0.127442	85.5
734	29.990362	56.060519	0.132530	0.127409	86.3
735	29.828384	56.131590	0.132407	0.115888	85.5
736	29.703499	56.143969	0.132386	0.110426	86.5
737	29.419370	56.146861	0.132381	0.120047	85.6
738	29.686708	56.239145	0.132223	0.124153	85.1
739	29.690371	56.243985	0.132215	0.125264	85.1
740	29.550559	56.256791	0.132193	0.108690	89.9
741	29.534673	56.232470	0.132235	0.128143	88.4
742	29.525997	56.263194	0.132182	0.104939	87.4
743	29.782974	56.284486	0.132146	0.135813	87.3
744	29.953319	56.289958	0.132136	0.115693	86.5
745	29.467772	56.295790	0.132126	0.123832	84.5
746	29.780731	56.294260	0.132129	0.105888	86.2
747	29.899291	56.256940	0.132193	0.144348	87.1
748	29.830161	56.219730	0.132256	0.133416	86.2
749	29.868070	56.174836	0.132333	0.133272	83.9
750	29.935182	56.376661	0.131988	0.127181	84.5
751	29.862572	56.363261	0.132011	0.108137	84.7
752	29.590458	56.404744	0.131940	0.121040	84.9
753	29.814017	56.392510	0.131961	0.135706	88.9
754	29.810682	56.515386	0.131752	0.117299	86.5
755	29.855354	56.530543	0.131726	0.123307	86.9
756	29.798183	56.512129	0.131757	0.112134	85.2
757	29.700400	56.567041	0.131664	0.138038	85.5
758	29.789974	56.572100	0.131656	0.116239	86.0
759	29.808085	56.968460	0.130986	0.125034	85.7
760	29.647650	57.235489	0.130539	0.114075	85.2
761	29.550503	57.220000	0.130565	0.129435	85.5
762	29.748601	57.293995	0.130442	0.125209	85.3
763	29.688217	57.276104	0.130471	0.115462	86.5
764	30.139543	57.326103	0.130388	0.134538	89.5
765	29.921296	57.347281	0.130353	0.125546	87.2
766	29.785223	57.321095	0.130397	0.112300	85.5
767	30.011272	57.517497	0.130070	0.131061	87.1
768	29.921182	57.502217	0.130096	0.109826	85.4
769	29.633804	57.531922	0.130046	0.109572	88.5
770	29.871982	57.523536	0.130060	0.104570	85.7
771	29.699327	57.692748	0.129781	0.134313	86.2
772	29.929252	57.843465	0.129533	0.122967	85.2
773	29.808473	58.168301	0.129001	0.134188	85.2
774	29.893313	58.204416	0.128942	0.114472	85.0
775	29.959729	58.207891	0.128937	0.106826	85.7
776	29.748721	58.396723	0.128630	0.115906	87.7
777	29.823101	58.368153	0.128676	0.104013	87.9
778	29.752153	58.342248	0.128718	0.120527	87.3
779	29.827970	58.317621	0.128758	0.137537	86.6
780	30.023051	58.454659	0.128536	0.125612	85.4
781	30.107269	58.687213	0.128161	0.117594	85.3
782	29.946622	58.814001	0.127957	0.128657	86.9
783	29.627808	58.795698	0.127987	0.122070	85.8
784	29.553833	58.805612	0.127971	0.108279	86.2
785	30.093536	58.794951	0.127988	0.121533	87.3
786	29.936849	58.814036	0.127957	0.143345	86.5
787	30.160173	58.784247	0.128005	0.127526	90.1
788	29.990857	58.869083	0.127869	0.111472	87.9
789	30.326998	58.879922	0.127852	0.119119	87.5
790	29.647346	58.867922	0.127871	0.125948	86.2
791	29.488769	58.985166	0.127684	0.123974	93.2
792	29.370757	59.194560	0.127350	0.107645	89.6
793	29.574865	59.218893	0.127312	0.120913	87.2
794	29.817708	59.267356	0.127235	0.130561	86.3
795	29.735751	59.265181	0.127238	0.119381	86.2
796	29.781162	59.300618	0.127182	0.124935	87.0
797	29.970467	59.321603	0.127149	0.126366	85.8
798	29.654396	59.317553	0.127155	0.127744	89.3
799	29.720181	59.345877	0.127110	0.118255	90.3
800	29.851743	59.494688	0.126875	0.108918	86.0
801	29.661970	59.579800	0.126741	0.094874	86.0
802	30.075993	59.576199	0.126747	0.134860	86.1
803	29.640520	59.612011	0.126691	0.126234	87.0
804	29.940588	59.960392	0.126146	0.126288	85.3
805	29.814587	59.942509	0.126173	0.121943	92.0
806	29.944497	60.170579	0.125819	0.110371	90.0
807	29.840153	60.231908	0.125724	0.130076	93.9
808	29.721414	60.661263	0.125063	0.106397	91.1
809	30.121272	60.726578	0.124963	0.134643	86.1
810	29.606935	60.766536	0.124902	0.108112	90.8
811	29.347395	60.806219	0.124841	0.130233	87.4
812	29.925129	60.814342	0.124829	0.132885	85.1
813	29.561723	61.010757	0.124530	0.104377	104.2
814	29.770640	61.208824	0.124230	0.101981	87.9
815	30.007220	61.197492	0.124247	0.127186	137.0
816	29.545530	61.244862	0.124176	0.114612	140.9
817	29.611196	61.465733	0.123843	0.154521	111.1
818	29.667042	61.564463	0.123695	0.149401	110.5
819	29.661682	61.964415	0.123099	0.131516	128.5
820	29.659478	61.940956	0.123133	0.131312	174.0
821	29.688269	61.900881	0.123193	0.113160	147.1
822	30.041034	61.863834	0.123248	0.117860	103.6
823	29.368494	61.855757	0.123260	0.115994	92.9
824	29.696750	61.843649	0.123278	0.099745	97.8
825	29.741671	61.826434	0.123304	0.127570	87.1
826	29.999351	61.836549	0.123289	0.124812	90.9
827	29.551527	61.917154	0.123169	0.097120	87.8
828	29.690948	61.897162	0.123198	0.106248	94.3
829	29.902725	61.935470	0.123142	0.129240	91.5
830	29.560550	61.953938	0.123114	0.112432	102.4
831	29.324159	61.948681	0.123122	0.114235	95.8
832	29.670879	61.976275	0.123081	0.126219	85.7
833	29.767838	61.989827	0.123061	0.121112	87.4
834	29.394629	62.190008	0.122765	0.112309	91.2
835	29.922322	62.232020	0.122703	0.128734	86.4
836	29.825893	62.288597	0.122619	0.112503	85.6
837	29.449522	62.270530	0.122646	0.118817	84.9
838	29.720479	62.311549	0.122586	0.123516	86.7
839	30.131169	62.529101	0.122266	0.108302	90.0
840	29.714800	62.496455	0.122314	0.132931	87.5
841	29.639087	62.885918	0.121746	0.139423	91.7
842	30.050644	63.248793	0.121222	0.135581	87.4
843	30.220632	63.462876	0.120915	0.131767	87.1
844	29.815943	63.526648	0.120823	0.128723	85.4
845	29.972902	63.542200	0.120801	0.137728	86.8
846	30.195260	63.741856	0.120517	0.126950	86.0
847	30.220123	63.810275	0.120419	0.138576	86.1
848	29.584959	63.813702	0.120414	0.113563	86.0
849	30.143529	63.825209	0.120398	0.142705	84.8
850	29.511252	63.846495	0.120368	0.109095	86.2
851	29.601352	63.983035	0.120175	0.108512	91.6
852	29.885200	64.052554	0.120076	0.132263	88.7
853	29.791344	64.029859	0.120108	0.107880	86.4
854	29.816147	64.050065	0.120080	0.113022	87.9
855	29.558588	64.072427	0.120048	0.108041	85.8
856	29.855150	64.189533	0.119883	0.106204	85.7
857	29.840587	64.190742	0.119882	0.125501	86.0
858	29.512336	64.231264	0.119825	0.111268	87.3
859	29.985921	64.221858	0.119838	0.124167	85.8
860	29.945573	64.215691	0.119846	0.117833	85.1
861	29.651375	64.191989	0.119880	0.116777	85.3
862	29.418561	64.241273	0.119810	0.115302	93.8
863	29.744470	64.244212	0.119806	0.140754	89.0
864	29.693484	64.311174	0.119712	0.134881	100.4
865	29.689699	64.403451	0.119583	0.125890	92.0
866	30.086523	64.408946	0.119575	0.138224	90.8
867	30.103062	64.377516	0.119619	0.133196	84.9
868	29.667631	64.364024	0.119638	0.102122	85.7
869	29.359030	64.334198	0.119680	0.090402	86.1
870	29.632728	64.316953	0.119704	0.130210	105.8
871	29.562545	64.308866	0.119716	0.108419	172.7
872	29.835274	64.272494	0.119767	0.122489	261.6
873	29.840858	64.270075	0.119770	0.133765	95.8
874	29.951192	64.259995	0.119784	0.122897	99.4
875	30.068218	64.242634	0.119809	0.126369	93.6
876	30.051538	64.216226	0.119846	0.124044	91.3
877	29.594756	64.732147	0.119124	0.138700	171.1
878	29.590054	64.769639	0.119072	0.119225	123.5
879	29.521228	64.726940	0.119132	0.104653	91.0
880	30.071870	64.741284	0.119112	0.124098	90.7
881	29.639122	64.876998	0.118924	0.115699	89.0
882	29.905458	64.870995	0.118932	0.120789	121.2
883	29.810424	64.911150	0.118876	0.145410	88.4
884	29.879015	64.926883	0.118855	0.115397	94.6
885	30.304392	64.925358	0.118857	0.137115	97.6
886	29.837725	64.934856	0.118843	0.122999	98.8
887	29.439231	65.006944	0.118744	0.109116	100.1
888	29.628659	65.172459	0.118516	0.126467	98.2
889	29.742580	65.241050	0.118422	0.121362	91.8
890	29.667738	65.304852	0.118334	0.122489	89.3
891	29.787270	65.267262	0.118386	0.122553	93.2
892	29.789229	65.308428	0.118329	0.125283	92.9
893	29.797382	65.322412	0.118310	0.116437	102.0
894	29.834679	65.510259	0.118053	0.105938	88.9
895	29.777322	65.497769	0.118070	0.127483	87.1
896	29.777705	65.498239	0.118069	0.100844	88.9
897	29.797841	65.733510	0.117749	0.136180	88.8
898	29.932064	65.704093	0.117789	0.126506	94.6
899	30.091055	65.676647	0.117826	0.112343	87.2
900	29.961337	65.642571	0.117873	0.123183	90.7
901	29.271529	65.684367	0.117816	0.105496	90.0
902	29.772848	65.769103	0.117701	0.126610	89.4
903	30.007316	65.860526	0.117577	0.132730	92.6
904	30.130332	66.002297	0.117385	0.129307	88.3
905	29.751499	65.998335	0.117391	0.119342	90.3
906	29.893473	66.039498	0.117335	0.133062	87.5
907	29.712073	66.031073	0.117347	0.126749	87.4
908	29.545959	65.990590	0.117401	0.119924	88.1
909	29.632296	66.297290	0.116989	0.130456	89.2
910	29.997425	66.253300	0.117048	0.138855	88.2
911	29.398479	66.222581	0.117089	0.104784	87.1
912	29.687847	66.240233	0.117065	0.116121	89.4
913	29.531287	66.214111	0.117100	0.129757	86.9
914	29.443165	66.255170	0.117045	0.110583	89.4
915	29.772497	66.266688	0.117030	0.123875	86.6
916	29.572009	66.366951	0.116895	0.121228	90.5
917	29.885822	66.371404	0.116889	0.129521	87.0
918	29.583918	66.359958	0.116905	0.120353	89.7
919	29.505802	66.354434	0.116912	0.115589	87.7
920	29.842619	66.382636	0.116874	0.118914	91.1
921	29.788432	66.397511	0.116855	0.112608	87.2
922	29.686854	66.504806	0.116711	0.104501	88.3
923	30.308318	66.520886	0.116690	0.127700	89.3
924	29.657140	66.521831	0.116689	0.112915	90.3
925	29.567650	66.533157	0.116673	0.122096	87.7
926	29.976274	66.662663	0.116501	0.121546	88.9
927	30.062904	66.637684	0.116534	0.122021	87.3
928	29.453344	66.622392	0.116555	0.120442	88.6
929	29.638759	66.664580	0.116499	0.123687	87.5
930	29.913069	66.739501	0.116399	0.115998	88.9
931	29.684750	66.713903	0.116433	0.116911	88.6
932	30.065704	66.717687	0.116428	0.118207	89.8
933	29.913043	66.678769	0.116480	0.120682	89.0
934	29.776169	66.962612	0.116104	0.126615	89.5
935	29.888247	66.948462	0.116123	0.128194	88.2
936	29.848664	66.907587	0.116177	0.135549	92.8
937	29.934756	66.907945	0.116176	0.105690	90.0
938	29.519141	66.882229	0.116210	0.123413	88.8
939	29.909632	66.855507	0.116245	0.132590	86.6
940	29.919047	66.840182	0.116266	0.120681	91.2
941	29.988373	66.820904	0.116291	0.125171	90.0
942	29.511504	66.844992	0.116259	0.123026	89.1
943	29.799639	66.834129	0.116274	0.117522	94.3
944	29.806339	66.833601	0.116274	0.117629	101.3
945	29.571016	66.849110	0.116254	0.124821	88.5
946	29.612371	66.812918	0.116302	0.124695	89.7
947	29.991800	66.831590	0.116277	0.134190	87.3
948	29.740809	66.845112	0.116259	0.112380	94.2
949	29.595230	66.830808	0.116278	0.116805	86.8
950	29.896789	66.858124	0.116242	0.124484	88.3
951	29.522113	66.872386	0.116223	0.124587	99.5
952	29.516461	66.851368	0.116251	0.117778	90.9
953	29.600306	66.968977	0.116095	0.125902	87.8
954	29.673797	67.024701	0.116022	0.133991	88.0
955	29.659502	67.027506	0.116018	0.118367	86.5
956	29.739930	67.153610	0.115852	0.113009	88.8
957	30.055821	67.174090	0.115825	0.128898	88.2
958	29.609614	67.348861	0.115596	0.122801	87.8
959	29.740052	67.602132	0.115266	0.129535	91.3
960	29.448301	67.849305	0.114945	0.138190	92.6
961	29.705384	67.987285	0.114767	0.123726	88.8
962	29.408726	67.990397	0.114763	0.116963	91.9
963	29.811513	68.046326	0.114691	0.100734	88.8
964	29.971644	68.064430	0.114668	0.119931	87.9
965	29.859262	68.101963	0.114619	0.115187	89.0
966	29.781104	68.224639	0.114462	0.136093	90.6
967	29.715069	68.200347	0.114493	0.109181	89.3
968	29.017613	68.258579	0.114418	0.108597	90.3
969	29.685744	68.249349	0.114430	0.115284	87.8
970	29.282860	68.268954	0.114405	0.111189	89.3
971	29.756041	68.433137	0.114195	0.130205	88.2
972	29.947321	68.408126	0.114227	0.123726	87.8
973	29.664704	68.461808	0.114158	0.113615	88.3
974	29.901760	68.624360	0.113951	0.118584	88.4
975	29.548751	68.611399	0.113968	0.138638	89.3
976	29.628312	68.665597	0.113899	0.108320	89.7
977	29.426107	68.852577	0.113662	0.109091	89.2
978	29.664593	68.833712	0.113686	0.115570	87.9
979	30.192945	68.820660	0.113702	0.133050	88.6
980	29.417924	68.849938	0.113665	0.114341	90.2
981	29.150133	68.864202	0.113647	0.116808	89.1
982	29.825486	68.836863	0.113682	0.122615	90.6
983	29.591873	68.936284	0.113556	0.132648	102.1
984	29.761864	69.069725	0.113388	0.118055	89.4
985	29.616714	69.234755	0.113180	0.096637	88.4
986	29.948595	69.241616	0.113172	0.130856	88.5
987	29.972226	69.244389	0.113168	0.112570	90.8
988	30.024417	69.237559	0.113177	0.125164	89.7
989	29.618635	69.309072	0.113087	0.125732	92.8
990	29.581302	69.377148	0.113002	0.120927	96.4
991	29.777075	69.371978	0.113008	0.121604	90.0
992	29.299030	69.378744	0.113000	0.126391	89.9
993	29.544744	69.581287	0.112747	0.119464	88.2
994	29.713431	69.546558	0.112791	0.100807	88.2
995	30.015054	69.515647	0.112829	0.114451	89.7
996	29.774814	69.485394	0.112867	0.125811	90.1
997	29.260748	69.453232	0.112907	0.122909	86.8
998	29.821091	69.470403	0.112886	0.120547	90.4
999	29.900068	69.442366	0.112921	0.133439	90.1
