1:ItNr	2:Metric	3a:Time	3b:StepSize	4:||Gradient||	Time[ms]
0	56.811338	0.000000	0.083732	4.680399	20681.1
1	53.391657	0.000000	0.083732	4.211298	93.8
2	53.438318	0.000000	0.083732	4.079226	113.1
3	51.780010	0.000000	0.083732	3.977392	126.3
4	50.799944	0.000000	0.083732	3.700428	97.6
5	50.696104	0.000000	0.083732	3.548748	107.5
6	48.571155	0.000000	0.083732	3.488012	102.6
7	48.134891	0.000000	0.083732	3.112818	100.2
8	47.446780	0.000000	0.083732	2.945017	94.0
9	47.550451	0.000000	0.083732	2.776193	91.9
10	47.156564	0.000000	0.083732	2.673305	108.8
11	46.874681	0.000000	0.083732	2.852675	99.9
12	44.031309	0.000000	0.083732	2.530842	94.0
13	44.556104	0.000000	0.083732	2.778662	94.1
14	45.022831	0.000000	0.083732	2.490524	87.9
15	43.573156	0.000000	0.083732	2.450775	100.2
16	43.590488	0.000000	0.083732	2.511068	93.7
17	43.288037	0.000000	0.083732	2.472042	104.0
18	43.742063	0.000000	0.083732	2.542268	99.5
19	42.991057	0.000000	0.083732	2.285807	118.1
20	42.508833	0.000000	0.083732	2.159526	108.6
21	41.409384	0.000000	0.083732	2.113377	111.7
22	41.417804	0.000000	0.083732	1.886172	109.8
23	41.156440	0.000000	0.083732	1.897491	91.8
24	41.056651	0.000000	0.083732	2.061305	88.2
25	41.774716	0.000000	0.083732	1.835580	110.4
26	39.933109	0.000000	0.083732	1.565254	91.5
27	40.009158	0.000000	0.083732	1.726209	105.5
28	40.644000	0.000000	0.083732	1.536920	125.1
29	40.413773	0.000000	0.083732	1.571233	105.8
30	39.814574	0.000000	0.083732	1.391474	101.7
31	40.104732	0.000000	0.083732	1.460491	103.1
32	39.599967	0.000000	0.083732	1.458216	106.3
33	38.819587	0.000000	0.083732	1.302907	92.1
34	39.237960	0.000000	0.083732	1.413753	87.5
35	39.814489	0.000000	0.083732	1.385884	98.7
36	39.795336	0.000000	0.083732	1.454554	103.1
37	38.470315	0.000000	0.083732	1.283918	109.7
38	39.188881	0.000000	0.083732	1.329005	88.0
39	39.250128	0.000000	0.083732	1.380245	98.6
40	37.866147	0.000000	0.083732	1.309031	93.5
41	38.575935	0.000000	0.083732	1.310923	86.0
42	38.989507	0.000000	0.083732	1.526074	113.0
43	37.776701	0.000000	0.083732	1.230598	105.1
44	38.932652	0.000000	0.083732	1.313959	94.6
45	37.838797	0.000000	0.083732	1.217267	87.0
46	37.806392	0.000000	0.083732	1.279300	220.9
47	37.782720	0.000000	0.083732	1.236930	120.1
48	37.622706	0.000000	0.083732	1.275024	95.2
49	37.625828	0.000000	0.083732	1.273978	93.1
50	38.165910	0.000000	0.083732	1.394616	97.8
51	37.635545	0.000000	0.083732	1.311563	353.4
52	37.384186	0.000000	0.083732	1.324175	109.4
53	37.705627	0.000000	0.083732	1.207553	109.1
54	36.897608	0.000000	0.083732	1.173121	103.8
55	37.522003	0.000000	0.083732	1.161824	96.9
56	37.304816	0.000000	0.083732	1.203610	102.0
57	36.879953	0.000000	0.083732	1.320101	88.1
58	36.271046	0.000000	0.083732	1.091627	103.0
59	37.417592	0.000000	0.083732	1.183388	98.0
60	37.370370	0.000000	0.083732	1.084947	86.9
61	37.252885	0.000000	0.083732	1.119940	87.7
62	36.354893	0.000000	0.083732	1.108184	88.2
63	36.398695	0.000000	0.083732	0.935096	89.3
64	36.576931	0.000000	0.083732	1.068337	110.6
65	36.885297	0.000000	0.083732	0.964949	227.2
66	36.518341	0.000000	0.083732	1.028791	139.1
67	36.378309	0.000000	0.083732	1.002021	91.6
68	36.480166	0.000000	0.083732	0.867754	85.7
69	36.091252	0.000000	0.083732	0.886900	86.2
70	36.700208	0.000000	0.083732	0.945339	91.5
71	35.812883	0.000000	0.083732	1.049761	218.9
72	35.797467	0.000000	0.083732	0.834518	238.0
73	36.211525	0.000000	0.083732	0.901483	103.8
74	36.268971	0.000000	0.083732	0.811121	104.4
75	36.584060	0.000000	0.083732	0.857087	99.0
76	36.574619	0.000000	0.083732	0.802061	87.9
77	35.552732	0.000000	0.083732	0.854318	89.3
78	35.857645	0.000000	0.083732	0.879512	86.7
79	35.454448	0.000000	0.083732	0.844585	85.3
80	35.528933	0.000000	0.083732	0.800762	87.6
81	36.013934	0.000000	0.083732	0.757816	85.9
82	36.196329	0.000000	0.083732	0.860274	84.9
83	36.450572	0.000000	0.083732	0.829719	84.8
84	36.301346	0.000000	0.083732	0.880828	91.5
85	35.191471	0.000000	0.083732	0.812225	84.1
86	35.977865	0.000000	0.083732	0.853012	88.3
87	36.349127	0.000000	0.083732	0.873822	138.0
88	35.491580	0.000000	0.083732	0.801570	160.0
89	35.752790	0.000000	0.083732	0.836968	93.5
90	35.227841	0.000000	0.083732	0.724964	88.0
91	35.657558	0.000000	0.083732	0.823764	84.4
92	35.865836	0.000000	0.083732	0.834120	85.3
93	35.407176	0.000000	0.083732	0.772422	83.9
94	35.458019	0.000000	0.083732	0.898308	101.5
95	35.400218	0.000000	0.083732	0.876466	97.9
96	35.611154	0.000000	0.083732	0.849110	112.3
97	35.145865	0.000000	0.083732	0.777259	114.1
98	35.486382	0.000000	0.083732	1.000682	112.3
99	35.454802	0.000000	0.083732	0.892465	87.7
100	35.312554	0.000000	0.083732	0.940458	90.5
101	35.684659	0.000000	0.083732	0.803059	98.5
102	35.287323	0.000000	0.083732	0.917396	99.2
103	35.819513	0.000000	0.083732	0.904818	99.2
104	35.400058	0.000000	0.083732	0.937115	99.3
105	35.138828	0.000000	0.083732	0.906745	85.1
106	35.134696	0.000000	0.083732	0.871186	84.3
107	35.536171	0.000000	0.083732	0.960366	87.0
108	34.705944	0.000000	0.083732	0.889822	95.9
109	35.224471	0.000000	0.083732	1.008994	102.5
110	35.029572	0.000000	0.083732	0.973379	97.4
111	35.357793	0.000000	0.083732	0.984664	96.7
112	35.191975	0.000000	0.083732	0.955783	92.7
113	35.359216	0.000000	0.083732	1.057593	86.7
114	35.016848	0.000000	0.083732	0.996236	84.5
115	35.019781	0.000000	0.083732	1.053454	85.2
116	34.926129	0.000000	0.083732	1.153480	89.1
117	35.039656	0.000000	0.083732	1.108909	97.1
118	35.171262	0.000000	0.083732	1.126292	98.9
119	34.500914	0.000000	0.083732	1.081008	144.3
120	33.884967	0.000000	0.083732	1.032923	105.7
121	33.783940	0.000000	0.083732	1.005710	110.5
122	34.425307	0.000000	0.083732	1.234499	103.9
123	35.015354	0.000000	0.083732	1.391146	98.6
124	33.995834	0.000000	0.083732	1.254513	86.4
125	33.848379	0.000000	0.083732	1.298768	85.3
126	33.909387	0.000000	0.083732	1.254965	83.4
127	33.955888	0.000000	0.083732	1.171088	83.2
128	33.827694	0.000000	0.083732	1.168266	86.8
129	34.375315	0.000000	0.083732	1.473653	86.3
130	33.324257	0.000000	0.083732	1.181451	90.9
131	33.533230	0.000000	0.083732	1.229129	86.6
132	33.976934	0.000000	0.083732	1.181025	92.3
133	33.516785	0.000000	0.083732	1.299305	89.4
134	33.765181	0.000000	0.083732	1.277901	83.2
135	33.009297	0.000000	0.083732	1.193796	83.4
136	32.933659	0.000000	0.083732	1.114713	82.4
137	32.767768	0.000000	0.083732	1.047582	82.8
138	33.041458	0.000000	0.083732	1.012258	84.6
139	32.838356	0.000000	0.083732	1.084885	82.4
140	32.846876	0.000000	0.083732	0.919859	89.1
141	32.871352	0.000000	0.083732	0.924837	83.3
142	32.169384	0.000000	0.083732	0.931067	84.4
143	32.417663	0.000000	0.083732	0.792488	82.5
144	32.432291	0.000000	0.083732	0.739201	83.8
145	32.734049	0.000000	0.083732	0.735881	86.0
146	32.270037	0.000000	0.083732	0.879289	83.3
147	32.233663	0.000000	0.083732	0.772579	83.6
148	32.548956	0.000000	0.083732	0.802213	82.7
149	32.427302	0.000000	0.083732	0.811397	81.7
150	32.706032	0.000000	0.083732	0.770654	82.1
151	32.431684	0.000000	0.083732	0.845303	85.3
152	32.052092	0.000000	0.083732	0.723306	85.3
153	32.027877	0.000000	0.083732	0.647969	87.1
154	32.417248	0.000000	0.083732	0.699875	85.5
155	32.891549	0.000000	0.083732	0.792984	99.3
156	32.454887	0.000000	0.083732	0.582412	100.0
157	32.389512	0.000000	0.083732	0.575181	98.7
158	32.246212	0.000000	0.083732	0.675298	101.3
159	32.280919	0.000000	0.083732	0.629392	101.3
160	32.001702	0.000000	0.083732	0.634374	86.3
161	32.633921	0.000000	0.083732	0.577668	89.2
162	32.245804	0.007607	0.083702	0.600784	101.4
163	32.467265	0.000000	0.083732	0.666000	92.1
164	31.915032	0.036921	0.083585	0.528905	96.5
165	32.390580	0.060481	0.083492	0.607356	84.3
166	32.506506	0.043741	0.083558	0.551562	84.1
167	32.595656	0.127390	0.083228	0.608940	88.2
168	32.015827	0.172049	0.083052	0.489162	103.3
169	32.184011	0.215015	0.082884	0.647387	87.6
170	32.224408	0.234084	0.082809	0.538847	83.3
171	32.048875	0.270314	0.082668	0.517898	83.3
172	32.431695	0.320421	0.082474	0.518580	83.3
173	32.377475	0.337114	0.082409	0.581119	82.9
174	32.091727	0.366471	0.082296	0.550523	88.4
175	32.015424	0.373427	0.082269	0.568723	97.2
176	32.580817	0.420945	0.082087	0.518652	98.0
177	31.818640	0.453899	0.081961	0.586202	98.4
178	32.450618	0.485952	0.081839	0.565415	98.3
179	31.886478	0.580099	0.081482	0.509530	97.8
180	32.345052	0.624276	0.081315	0.545117	105.8
181	31.555340	0.632987	0.081282	0.446150	97.4
182	32.378256	0.652238	0.081210	0.578723	96.8
183	32.326593	0.720317	0.080956	0.513839	95.7
184	32.114676	0.767673	0.080779	0.482003	86.1
185	31.875946	0.815021	0.080604	0.577306	83.3
186	32.856053	0.835808	0.080527	0.634870	86.0
187	32.174256	0.945368	0.080125	0.537927	88.2
188	32.526241	0.972969	0.080025	0.635170	97.6
189	32.395760	1.035596	0.079797	0.530026	99.7
190	32.296054	1.044634	0.079765	0.570940	104.4
191	32.647120	1.097241	0.079575	0.546510	98.2
192	32.564287	1.095931	0.079579	0.611034	98.4
193	32.244374	1.178522	0.079283	0.545880	89.6
194	31.871670	1.244818	0.079047	0.515419	84.0
195	31.956902	1.301967	0.078844	0.511110	85.7
196	32.230820	1.347044	0.078685	0.552924	84.1
197	32.346722	1.415921	0.078443	0.541371	85.4
198	31.847390	1.455755	0.078304	0.444178	83.7
199	31.864717	1.516135	0.078094	0.474816	83.5
200	32.000500	1.508841	0.078120	0.541059	84.9
201	32.653211	1.580625	0.077871	0.608691	83.6
202	32.185385	1.632142	0.077694	0.612552	82.2
203	32.262648	1.658735	0.077603	0.528258	84.4
204	32.329307	1.706505	0.077440	0.626834	86.3
205	32.188027	1.760741	0.077255	0.544801	97.2
206	32.352981	1.808775	0.077092	0.553877	98.3
207	32.329238	1.840568	0.076985	0.556526	103.3
208	32.047193	1.856753	0.076930	0.476823	93.2
209	32.056895	1.896886	0.076796	0.601045	94.6
210	31.540243	1.934001	0.076671	0.461448	98.0
211	32.370030	1.986183	0.076497	0.494060	97.7
212	32.063587	2.024882	0.076369	0.584309	97.3
213	32.497734	2.079222	0.076189	0.608743	94.5
214	32.393822	2.160953	0.075920	0.518438	133.1
215	32.062114	2.160395	0.075922	0.562256	104.4
216	32.596908	2.207077	0.075769	0.501604	100.5
217	32.257394	2.265656	0.075578	0.523149	108.6
218	32.216980	2.299043	0.075470	0.544350	93.0
219	32.259705	2.330201	0.075369	0.487387	84.2
220	32.528121	2.339046	0.075341	0.605383	85.5
221	32.322856	2.401986	0.075138	0.520970	86.7
222	32.502913	2.416997	0.075090	0.625119	103.3
223	33.186675	2.502811	0.074816	0.554120	87.3
224	32.176395	2.564157	0.074621	0.458653	84.0
225	32.319053	2.583996	0.074558	0.503819	85.5
226	32.074926	2.645922	0.074363	0.541082	129.3
227	32.157605	2.697660	0.074201	0.526036	158.0
228	32.245241	2.759614	0.074007	0.557272	165.3
229	32.329072	2.775391	0.073958	0.591807	86.0
230	32.235222	2.870991	0.073662	0.481301	86.4
231	32.137613	2.916615	0.073521	0.541910	86.6
232	32.595578	2.980758	0.073325	0.483029	86.0
233	31.992727	3.011981	0.073229	0.467985	90.6
234	31.874075	3.032657	0.073166	0.487311	123.0
235	32.369251	3.064089	0.073071	0.499666	150.1
236	32.325930	3.070300	0.073052	0.490440	89.5
237	32.113485	3.137305	0.072849	0.524504	86.7
238	32.460359	3.171970	0.072745	0.501148	85.1
239	31.976041	3.204077	0.072648	0.465247	85.3
240	32.616782	3.235857	0.072553	0.574207	83.7
241	32.161382	3.251475	0.072506	0.563495	84.7
242	31.994012	3.313709	0.072321	0.519365	92.3
243	32.252631	3.354490	0.072199	0.533569	124.0
244	32.361800	3.402631	0.072057	0.543544	129.8
245	32.233216	3.494261	0.071787	0.438994	86.1
246	31.713427	3.543409	0.071644	0.493483	157.3
247	32.470910	3.561306	0.071592	0.542763	171.1
248	32.240857	3.601350	0.071475	0.517115	88.8
249	32.011305	3.607030	0.071458	0.501655	93.2
250	32.326428	3.644435	0.071350	0.554390	91.8
251	32.457741	3.704516	0.071176	0.537214	91.0
252	32.186534	3.694365	0.071206	0.579823	104.7
253	32.496966	3.715406	0.071145	0.540673	86.9
254	32.845642	3.713445	0.071151	0.556399	86.4
255	32.537682	3.797430	0.070910	0.553556	88.0
256	32.001301	3.829213	0.070819	0.468220	87.0
257	32.169424	3.887891	0.070652	0.511846	147.1
258	32.058205	3.933612	0.070523	0.482738	230.8
259	32.134557	3.952028	0.070470	0.529521	128.9
260	32.369632	3.996689	0.070345	0.479758	94.0
261	32.437965	4.081357	0.070107	0.483226	85.4
262	31.992807	4.078046	0.070116	0.530551	94.1
263	32.007790	4.154116	0.069904	0.535525	88.0
264	32.048458	4.167421	0.069867	0.545143	85.1
265	32.023362	4.219743	0.069722	0.549721	86.4
266	31.971251	4.236484	0.069676	0.571103	98.6
267	31.951476	4.277263	0.069564	0.476867	83.4
268	32.589295	4.315607	0.069458	0.544747	83.1
269	32.721833	4.317651	0.069453	0.518244	85.5
270	31.930464	4.335398	0.069404	0.504035	169.7
271	32.523771	4.381796	0.069277	0.517967	194.9
272	32.232517	4.408878	0.069203	0.529774	125.1
273	32.630204	4.475128	0.069023	0.595772	87.5
274	32.602955	4.541287	0.068845	0.521446	87.9
275	31.950566	4.594585	0.068701	0.510974	82.7
276	32.328187	4.597843	0.068693	0.583959	83.6
277	32.554655	4.672797	0.068492	0.501099	82.0
278	32.483046	4.731792	0.068335	0.578918	83.1
279	32.143913	4.766819	0.068242	0.478822	82.4
280	32.433569	4.813651	0.068118	0.579237	84.0
281	32.277005	4.837912	0.068054	0.511003	91.0
282	32.006510	4.869512	0.067971	0.491776	90.3
283	32.767073	4.877813	0.067949	0.565072	89.9
284	32.398576	4.851651	0.068018	0.522698	86.7
285	32.365079	4.925645	0.067824	0.546361	99.5
286	31.752348	4.963890	0.067724	0.502535	100.7
287	32.679687	5.016833	0.067586	0.656838	82.3
288	32.227709	5.014903	0.067591	0.568678	84.2
289	32.108823	5.139561	0.067269	0.505085	83.2
290	32.617432	5.203274	0.067105	0.529765	83.3
291	31.942024	5.243995	0.067001	0.490330	88.9
292	32.593623	5.274678	0.066923	0.523353	122.7
293	32.304639	5.283548	0.066900	0.467381	85.5
294	32.537394	5.346285	0.066741	0.523445	89.2
295	32.141509	5.409624	0.066581	0.531806	94.8
296	32.095953	5.466338	0.066438	0.515996	95.7
297	32.604127	5.484474	0.066393	0.499412	93.9
298	32.542642	5.496848	0.066362	0.638004	92.8
299	32.531880	5.550070	0.066229	0.494608	83.4
300	32.054016	5.584456	0.066143	0.482513	83.1
301	32.069281	5.607444	0.066086	0.602978	83.2
302	31.698570	5.685986	0.065892	0.518906	82.4
303	32.355782	5.719245	0.065810	0.481757	83.8
304	32.292663	5.739278	0.065760	0.505710	81.9
305	32.411766	5.778468	0.065664	0.464140	82.2
306	32.178295	5.792906	0.065629	0.554526	81.3
307	31.881643	5.825891	0.065548	0.442794	87.4
308	32.696571	5.861319	0.065461	0.558379	84.6
309	32.037735	5.873436	0.065432	0.527387	83.3
310	31.633853	5.946780	0.065254	0.510214	84.3
311	32.144973	5.988981	0.065152	0.578092	82.3
312	32.163770	6.058092	0.064985	0.480090	82.6
313	32.182945	6.140111	0.064789	0.559635	83.4
314	32.074231	6.162202	0.064736	0.521445	107.5
315	32.444817	6.229126	0.064577	0.513589	99.2
316	31.944620	6.265114	0.064492	0.458242	101.6
317	32.116565	6.328750	0.064342	0.503229	100.9
318	32.334870	6.356359	0.064277	0.516362	98.2
319	32.175164	6.397684	0.064180	0.486162	85.3
320	31.609842	6.438193	0.064085	0.521455	84.9
321	32.391700	6.464841	0.064023	0.507114	103.0
322	32.310931	6.486455	0.063973	0.503756	101.0
323	32.081706	6.533172	0.063864	0.472104	86.7
324	32.356293	6.568370	0.063783	0.455754	85.2
325	32.765397	6.570301	0.063778	0.637248	96.0
326	31.948743	6.600076	0.063709	0.544401	96.2
327	32.021959	6.700820	0.063478	0.501485	88.0
328	32.298404	6.702577	0.063474	0.511357	87.5
329	32.178608	6.717749	0.063439	0.552295	89.1
330	31.860931	6.747748	0.063370	0.503659	83.9
331	31.942862	6.799229	0.063253	0.541470	85.0
332	32.348482	6.840781	0.063158	0.512175	95.5
333	31.977380	6.877732	0.063075	0.510891	83.9
334	32.293780	6.871153	0.063090	0.567081	83.9
335	32.651549	6.910843	0.063000	0.535516	83.8
336	32.498127	6.967922	0.062871	0.557245	84.6
337	32.432918	6.996691	0.062807	0.563952	91.7
338	32.243457	7.051810	0.062683	0.547079	83.7
339	32.681021	7.089334	0.062600	0.472866	83.8
340	32.596507	7.140485	0.062486	0.558774	85.4
341	32.023209	7.135395	0.062497	0.483521	90.2
342	32.046272	7.229499	0.062289	0.416004	103.2
343	32.332722	7.254510	0.062234	0.445959	96.7
344	32.296475	7.270585	0.062198	0.593754	97.6
345	32.172800	7.306165	0.062120	0.543520	95.5
346	31.582685	7.381835	0.061954	0.429816	102.5
347	32.353824	7.429248	0.061851	0.443474	97.2
348	32.500312	7.447888	0.061811	0.457030	84.2
349	32.509587	7.443591	0.061820	0.526858	85.3
350	31.572662	7.474036	0.061754	0.445333	83.0
351	31.771715	7.489694	0.061720	0.567123	82.9
352	32.285611	7.508935	0.061678	0.567501	84.4
353	32.533300	7.576227	0.061533	0.518277	83.2
354	31.815428	7.629989	0.061417	0.486998	98.9
355	32.541648	7.665242	0.061342	0.590039	94.2
356	32.223800	7.720957	0.061223	0.522798	86.5
357	32.655035	7.788088	0.061080	0.541250	98.5
358	32.129599	7.790112	0.061076	0.519924	84.0
359	32.293674	7.842486	0.060965	0.577506	84.0
360	32.527720	7.872663	0.060901	0.500374	83.5
361	31.928407	7.899146	0.060845	0.398515	82.8
362	31.996167	7.911785	0.060819	0.493819	82.4
363	31.931569	7.945719	0.060748	0.467779	82.9
364	31.978380	7.953723	0.060731	0.469105	83.8
365	32.477795	8.005521	0.060622	0.563699	82.0
366	32.638969	8.014338	0.060604	0.507435	82.4
367	32.305446	8.056043	0.060517	0.556447	86.0
368	31.959316	8.087288	0.060452	0.566099	81.9
369	31.752888	8.169963	0.060281	0.492052	81.4
370	31.755336	8.179104	0.060262	0.460683	82.5
371	32.669181	8.220113	0.060177	0.530808	82.1
372	32.750920	8.268245	0.060078	0.468695	82.2
373	32.717861	8.288569	0.060036	0.600721	86.1
374	32.223314	8.326221	0.059959	0.541495	84.3
375	32.109273	8.375259	0.059859	0.586392	86.8
376	32.088058	8.451193	0.059705	0.515041	83.1
377	32.227325	8.485340	0.059636	0.500619	82.3
378	32.711109	8.523429	0.059559	0.506675	82.5
379	32.138481	8.550227	0.059505	0.533888	82.4
380	32.224333	8.576714	0.059452	0.515238	85.3
381	32.037266	8.616937	0.059371	0.544200	81.2
382	31.783824	8.619579	0.059365	0.481901	82.9
383	32.124357	8.658033	0.059289	0.551951	83.4
384	32.440055	8.680435	0.059244	0.531639	82.3
385	32.075061	8.715952	0.059173	0.421439	82.6
386	32.466182	8.731056	0.059143	0.555680	83.5
387	32.159645	8.742215	0.059121	0.536695	87.1
388	32.642643	8.773254	0.059059	0.594520	85.3
389	32.841443	8.788689	0.059028	0.522747	83.5
390	31.897944	8.836973	0.058933	0.554503	83.0
391	31.940796	8.854295	0.058899	0.481296	83.5
392	32.363614	8.862338	0.058883	0.542932	83.0
393	32.061442	8.888533	0.058831	0.533849	82.7
394	32.864391	8.943292	0.058724	0.496910	82.7
395	32.186880	8.980688	0.058650	0.501529	81.7
396	31.905271	8.998798	0.058615	0.586907	84.0
397	32.159038	9.034331	0.058546	0.503101	82.5
398	32.452620	9.091193	0.058435	0.495136	83.0
399	32.136144	9.111841	0.058395	0.558908	87.5
400	32.395017	9.130088	0.058360	0.583353	82.4
401	32.557321	9.199243	0.058226	0.584040	82.7
402	32.032744	9.253983	0.058121	0.489213	84.5
403	32.450400	9.309963	0.058013	0.542146	82.3
404	32.069241	9.337813	0.057960	0.512832	83.2
405	31.845644	9.332776	0.057970	0.515015	83.0
406	32.028454	9.392425	0.057856	0.446911	83.4
407	32.301372	9.417774	0.057808	0.513099	84.4
408	32.263660	9.453229	0.057740	0.447723	82.8
409	32.480217	9.494609	0.057662	0.512305	83.0
410	32.324165	9.494927	0.057661	0.544029	82.4
411	32.776312	9.507156	0.057638	0.566783	87.4
412	31.775094	9.544700	0.057567	0.539309	83.4
413	31.975220	9.592008	0.057478	0.513521	83.1
414	32.187318	9.666775	0.057338	0.541726	84.0
415	32.277582	9.726678	0.057227	0.563020	80.7
416	31.668147	9.749938	0.057183	0.494292	82.6
417	31.665099	9.769689	0.057147	0.509335	80.4
418	32.346843	9.765291	0.057155	0.487177	83.4
419	32.096635	9.758714	0.057167	0.516227	82.4
420	32.405949	9.792516	0.057104	0.535044	81.7
421	32.097541	9.801216	0.057088	0.477638	84.1
422	32.333033	9.820668	0.057052	0.453206	84.5
423	32.234042	9.825576	0.057043	0.575865	84.8
424	32.573425	9.820042	0.057053	0.619193	84.5
425	32.126419	9.883437	0.056936	0.432833	81.7
426	32.624947	9.902790	0.056900	0.544318	81.3
427	32.708478	9.919340	0.056870	0.581727	82.6
428	32.157188	10.006347	0.056710	0.473937	100.8
429	32.267660	10.048374	0.056634	0.587941	97.6
430	31.978774	10.100366	0.056539	0.486640	83.1
431	32.343162	10.121955	0.056500	0.527955	83.6
432	32.635211	10.168192	0.056416	0.592495	84.4
433	32.412240	10.213579	0.056334	0.489331	123.7
434	32.110671	10.221643	0.056319	0.508982	125.1
435	32.672267	10.231570	0.056301	0.502587	112.7
436	32.507842	10.253032	0.056263	0.645968	118.9
437	32.073841	10.297096	0.056184	0.503066	168.1
438	32.199313	10.376872	0.056041	0.500159	160.5
439	32.474993	10.387805	0.056021	0.509924	150.4
440	32.116530	10.438643	0.055931	0.505550	135.4
441	32.519285	10.491556	0.055837	0.471330	156.3
442	32.137419	10.537130	0.055756	0.459906	128.2
443	32.593332	10.552172	0.055729	0.517783	179.6
444	32.656807	10.577018	0.055685	0.451770	171.4
445	32.039844	10.588759	0.055665	0.496321	130.0
446	32.194437	10.620418	0.055609	0.516219	137.6
447	31.625939	10.664966	0.055531	0.482138	103.8
448	32.548308	10.706676	0.055458	0.526816	160.6
449	31.794399	10.704804	0.055461	0.524305	189.3
450	32.589647	10.780680	0.055329	0.512002	201.2
451	32.213423	10.835469	0.055233	0.478189	163.1
452	32.287079	10.887481	0.055143	0.538713	117.4
453	32.026420	10.937064	0.055058	0.465774	189.5
454	32.358489	10.960457	0.055017	0.513732	198.6
455	32.723629	10.970839	0.055000	0.518228	185.6
456	31.478559	11.000258	0.054949	0.491415	148.8
457	31.967397	11.010430	0.054931	0.440160	82.8
458	32.131027	11.039156	0.054882	0.537465	82.1
459	32.302565	11.059033	0.054848	0.519383	115.0
460	32.020168	11.067224	0.054834	0.519225	174.0
461	32.044523	11.105529	0.054769	0.405584	153.1
462	31.999073	11.106499	0.054767	0.451849	174.9
463	31.942368	11.131195	0.054725	0.437397	142.9
464	31.773462	11.140004	0.054710	0.486160	132.8
465	32.150583	11.144290	0.054703	0.513307	131.6
466	32.602389	11.182286	0.054638	0.552148	279.0
467	32.555431	11.216892	0.054579	0.520404	178.8
468	32.070958	11.256209	0.054513	0.430027	104.9
469	32.504428	11.301255	0.054437	0.506376	85.1
470	32.213515	11.316551	0.054411	0.487497	118.1
471	32.876949	11.354568	0.054347	0.558184	166.3
472	32.146531	11.376624	0.054310	0.513083	85.1
473	32.408801	11.439080	0.054206	0.533419	83.9
474	32.272063	11.461494	0.054168	0.532217	84.4
475	32.058788	11.520190	0.054070	0.504932	85.0
476	32.391066	11.539412	0.054038	0.584576	88.0
477	32.136694	11.558007	0.054008	0.588667	86.4
478	32.313494	11.660691	0.053838	0.487918	84.6
479	32.221611	11.679372	0.053807	0.499590	84.3
480	31.720115	11.670285	0.053822	0.437743	109.9
481	32.553298	11.683580	0.053800	0.528514	172.6
482	32.435861	11.700737	0.053772	0.581518	147.9
483	32.750146	11.705066	0.053765	0.515872	95.2
484	32.295368	11.748746	0.053693	0.498967	84.9
485	31.896621	11.811249	0.053591	0.462187	84.3
486	31.900709	11.801938	0.053606	0.577695	86.2
487	31.885477	11.830383	0.053560	0.496836	84.8
488	32.067791	11.843495	0.053538	0.496471	84.8
489	32.252185	11.869724	0.053495	0.567687	83.8
490	32.324094	11.914663	0.053422	0.506836	84.0
491	32.504554	11.988335	0.053303	0.469496	83.2
492	31.798140	12.019320	0.053253	0.458186	86.6
493	32.391687	12.077429	0.053160	0.603036	138.2
494	32.128484	12.123240	0.053086	0.536713	117.6
495	32.201457	12.192394	0.052975	0.493626	115.7
496	32.227833	12.214646	0.052940	0.515618	133.4
497	31.978657	12.224269	0.052925	0.517389	116.0
498	31.932664	12.262565	0.052864	0.482900	128.9
499	32.186284	12.256747	0.052873	0.498716	159.7
500	32.075731	12.278275	0.052839	0.479462	146.9
501	32.136319	12.305967	0.052795	0.498532	119.2
502	32.130918	12.303660	0.052798	0.547224	110.0
503	32.468277	12.336874	0.052746	0.576453	131.8
504	31.839140	12.375088	0.052685	0.459826	145.5
505	31.836431	12.387798	0.052665	0.465325	105.2
506	32.301190	12.395405	0.052653	0.577424	95.4
507	32.079302	12.446871	0.052572	0.552503	84.6
508	32.415350	12.484540	0.052513	0.539161	84.5
509	32.432471	12.568458	0.052382	0.472172	101.0
510	32.251505	12.559666	0.052396	0.536755	129.8
511	32.145508	12.563953	0.052389	0.516423	105.1
512	32.305968	12.600635	0.052332	0.536074	88.0
513	31.503589	12.598886	0.052334	0.494159	134.3
514	32.896298	12.610497	0.052316	0.644091	122.3
515	32.070915	12.716603	0.052152	0.563968	85.4
516	32.092938	12.789243	0.052040	0.512097	84.3
517	32.167007	12.830090	0.051977	0.508221	85.3
518	32.069825	12.865571	0.051922	0.470131	93.6
519	32.493194	12.927406	0.051828	0.560471	148.2
520	32.443035	12.972846	0.051758	0.529191	122.1
521	32.218124	13.005347	0.051709	0.598040	85.3
522	32.119323	13.051080	0.051640	0.559193	129.7
523	32.740640	13.111208	0.051548	0.499112	151.1
524	31.830170	13.145529	0.051497	0.562598	127.1
525	31.937442	13.157593	0.051478	0.459226	86.7
526	31.878190	13.151539	0.051488	0.482202	85.7
527	32.030383	13.158168	0.051478	0.504104	85.3
528	32.143123	13.195262	0.051422	0.501576	179.6
529	32.602804	13.194459	0.051423	0.513086	157.5
530	32.275583	13.215733	0.051391	0.572095	140.7
531	32.329337	13.226066	0.051375	0.527002	140.0
532	32.296618	13.310128	0.051250	0.494314	87.3
533	32.078260	13.321859	0.051232	0.531054	133.3
534	32.430058	13.359928	0.051175	0.657846	149.6
535	32.414888	13.368572	0.051162	0.542168	113.7
536	32.479178	13.453002	0.051037	0.638999	85.6
537	32.066401	13.475308	0.051004	0.502942	104.6
538	32.932641	13.509887	0.050953	0.539331	188.3
539	32.575715	13.564190	0.050873	0.507158	112.5
540	31.953811	13.627335	0.050780	0.504242	85.2
541	31.763478	13.639388	0.050762	0.507438	86.4
542	32.294146	13.698036	0.050677	0.499074	84.3
543	31.898415	13.748641	0.050603	0.551367	83.1
544	32.282173	13.734998	0.050623	0.506960	86.9
545	32.026084	13.787287	0.050547	0.474059	92.5
546	32.448977	13.784801	0.050550	0.532147	88.4
547	32.723952	13.802457	0.050525	0.496637	87.8
548	32.190817	13.823170	0.050495	0.579659	83.0
549	32.102872	13.876329	0.050418	0.490400	86.8
550	32.202366	13.904982	0.050376	0.508505	84.4
551	31.944577	13.919908	0.050355	0.461776	109.5
552	32.275571	13.948509	0.050313	0.485512	273.8
553	32.631038	13.939810	0.050326	0.483211	352.8
554	32.491930	13.954306	0.050305	0.451608	199.7
555	31.966035	13.983556	0.050263	0.521682	294.0
556	32.131705	14.011008	0.050224	0.492437	96.3
557	31.973075	14.065291	0.050146	0.482289	137.8
558	31.899176	14.076356	0.050130	0.471446	142.6
559	32.043434	14.097831	0.050099	0.480687	161.2
560	32.137141	14.138455	0.050041	0.454975	126.8
561	32.000092	14.159569	0.050011	0.502795	112.3
562	32.344787	14.185554	0.049975	0.524897	98.5
563	31.460426	14.198800	0.049956	0.549902	112.4
564	32.418074	14.219915	0.049926	0.460993	206.1
565	32.695957	14.230759	0.049910	0.548014	106.9
566	32.105276	14.273014	0.049851	0.481305	91.6
567	32.234531	14.289318	0.049828	0.471977	88.7
568	32.510659	14.282260	0.049838	0.535213	83.4
569	32.083746	14.311923	0.049796	0.476533	87.7
570	32.000913	14.351432	0.049740	0.519824	83.2
571	32.291434	14.396096	0.049677	0.439142	84.2
572	32.623304	14.442071	0.049613	0.543964	82.2
573	32.565827	14.456508	0.049593	0.495863	86.2
574	32.228869	14.474808	0.049567	0.554168	92.9
575	32.228108	14.518663	0.049506	0.526035	93.2
576	32.520097	14.552819	0.049458	0.564114	89.4
577	32.611909	14.594368	0.049401	0.503331	83.2
578	32.414473	14.613542	0.049374	0.508921	83.7
579	32.260673	14.619707	0.049365	0.526962	84.4
580	32.068941	14.629520	0.049352	0.481048	84.1
581	31.767832	14.668797	0.049297	0.514989	88.8
582	32.137376	14.678814	0.049284	0.581137	84.0
583	32.104834	14.710334	0.049240	0.538129	83.5
584	31.966704	14.709818	0.049241	0.447901	82.2
585	32.721120	14.711196	0.049239	0.535325	82.7
586	32.351480	14.729739	0.049213	0.491437	83.3
587	32.101787	14.751951	0.049183	0.519547	81.6
588	31.767971	14.737010	0.049203	0.484917	83.6
589	32.361718	14.769025	0.049159	0.524447	86.3
590	32.653666	14.783726	0.049139	0.531653	152.6
591	32.128999	14.820271	0.049089	0.486371	164.0
592	32.391226	14.857602	0.049038	0.506029	90.6
593	31.899755	14.921601	0.048951	0.495138	87.1
594	31.976345	14.929877	0.048939	0.493953	240.2
595	32.061342	14.990814	0.048856	0.457510	86.0
596	32.036559	15.016020	0.048822	0.560224	91.8
597	32.160665	15.062511	0.048759	0.471817	84.9
598	31.885266	15.130414	0.048668	0.518327	83.9
599	32.601969	15.183522	0.048596	0.502672	89.1
600	32.122647	15.218913	0.048549	0.465221	101.2
601	32.101538	15.209229	0.048562	0.454257	161.0
602	32.022112	15.242160	0.048518	0.448676	306.7
603	31.812224	15.252761	0.048503	0.506329	102.9
604	31.738574	15.248906	0.048509	0.501863	85.7
605	32.230388	15.309826	0.048427	0.544763	92.1
606	32.195518	15.358287	0.048363	0.511764	95.6
607	32.534400	15.380215	0.048333	0.547276	98.6
608	31.947362	15.442498	0.048251	0.504414	105.0
609	32.320685	15.463281	0.048223	0.630266	91.8
610	32.444367	15.454067	0.048236	0.563565	86.2
611	32.167068	15.545149	0.048115	0.502082	86.8
612	32.644316	15.529246	0.048136	0.475275	96.0
613	32.155360	15.566346	0.048087	0.487213	87.6
614	32.279390	15.567937	0.048085	0.536891	82.7
615	32.297645	15.599300	0.048044	0.557642	85.0
616	32.261813	15.647443	0.047981	0.489834	84.3
617	31.630856	15.641113	0.047989	0.491449	86.9
618	32.397956	15.699073	0.047913	0.518396	84.8
619	32.534262	15.732583	0.047870	0.528297	83.7
620	32.209043	15.728431	0.047875	0.573307	279.8
621	32.350042	15.749516	0.047848	0.502175	121.6
622	32.115761	15.794992	0.047789	0.560356	103.3
623	31.669698	15.829792	0.047743	0.534590	104.4
624	32.601363	15.826401	0.047748	0.487919	119.9
625	32.065548	15.883076	0.047674	0.557467	120.9
626	31.973050	15.903918	0.047648	0.503237	88.4
627	31.721401	15.959866	0.047575	0.489473	87.0
628	32.523156	15.997748	0.047527	0.537891	93.4
629	32.366082	16.026497	0.047490	0.505477	88.7
630	32.285767	16.063881	0.047442	0.429045	97.3
631	32.256883	16.094878	0.047402	0.543296	98.5
632	32.345562	16.126128	0.047362	0.503453	119.5
633	32.422614	16.113543	0.047378	0.576004	103.6
634	32.503546	16.140947	0.047343	0.555458	103.6
635	31.971098	16.175849	0.047299	0.519639	100.6
636	32.227962	16.217851	0.047246	0.458007	99.4
637	32.295328	16.229026	0.047231	0.538828	89.5
638	32.397963	16.259449	0.047193	0.474283	94.9
639	32.300864	16.253196	0.047201	0.504087	98.2
640	32.141629	16.262936	0.047188	0.445483	89.6
641	32.551725	16.278922	0.047168	0.487090	84.0
642	32.156550	16.300215	0.047141	0.464341	86.4
643	32.050859	16.329176	0.047105	0.549691	85.3
644	32.118012	16.356882	0.047070	0.580242	88.5
645	32.350741	16.443713	0.046961	0.517234	95.6
646	31.869432	16.505782	0.046883	0.408692	88.7
647	32.753640	16.518141	0.046867	0.522432	89.8
648	31.745952	16.563699	0.046811	0.510877	90.5
649	32.566796	16.601559	0.046764	0.543371	93.7
650	32.305111	16.629675	0.046729	0.508387	92.9
651	32.214148	16.661756	0.046689	0.539248	111.8
652	32.561561	16.680053	0.046666	0.547363	100.5
653	32.069943	16.695457	0.046647	0.498114	84.5
654	32.309266	16.746892	0.046583	0.524275	87.0
655	32.387357	16.745924	0.046585	0.530710	89.4
656	31.895309	16.748883	0.046581	0.542501	121.8
657	32.115541	16.802355	0.046515	0.515961	88.0
658	32.319883	16.846804	0.046460	0.576678	98.3
659	32.139749	16.930804	0.046358	0.503663	90.7
660	32.383867	16.946852	0.046338	0.551639	150.3
661	32.219298	16.980416	0.046297	0.512749	131.8
662	31.482490	17.030813	0.046236	0.469939	137.7
663	32.706944	17.047646	0.046215	0.503367	129.1
664	32.000572	17.098360	0.046154	0.547996	103.3
665	32.143122	17.134404	0.046110	0.485221	89.0
666	32.788709	17.168535	0.046069	0.457592	92.4
667	32.403708	17.174072	0.046062	0.504396	104.7
668	31.843827	17.223883	0.046002	0.493068	99.6
669	32.019832	17.243420	0.045979	0.467450	99.0
670	32.246078	17.252563	0.045968	0.563731	95.8
671	32.589244	17.280363	0.045934	0.545711	89.0
672	31.629153	17.294456	0.045917	0.512218	91.1
673	32.094996	17.332025	0.045872	0.483771	96.1
674	32.243639	17.365119	0.045833	0.593202	112.0
675	32.215531	17.432818	0.045752	0.480783	96.7
676	32.004123	17.471778	0.045706	0.568849	92.5
677	31.883275	17.512836	0.045657	0.468136	106.6
678	32.348280	17.574704	0.045584	0.480027	94.7
679	32.391958	17.593311	0.045562	0.487670	95.7
680	32.264419	17.604588	0.045548	0.519710	97.6
681	32.932078	17.644150	0.045502	0.494200	98.8
682	31.940761	17.696745	0.045440	0.399624	98.4
683	31.833220	17.714889	0.045419	0.495931	97.4
684	32.035250	17.730840	0.045400	0.477069	97.9
685	32.532522	17.733447	0.045397	0.526484	104.3
686	31.979164	17.739489	0.045390	0.486729	102.0
687	32.346989	17.788897	0.045332	0.505719	133.9
688	32.008539	17.792740	0.045328	0.497991	136.1
689	32.521078	17.817684	0.045298	0.530890	88.6
690	31.812873	17.832849	0.045281	0.476481	89.0
691	32.175222	17.894205	0.045209	0.466315	88.8
692	32.134533	17.912141	0.045188	0.464074	87.9
693	32.134426	17.939149	0.045157	0.473480	88.2
694	32.750492	17.942660	0.045153	0.467003	83.1
695	31.844002	17.918633	0.045181	0.438622	83.3
696	31.668109	17.936321	0.045160	0.537667	91.6
697	32.196886	17.978817	0.045111	0.489036	426.2
698	32.100465	18.002287	0.045084	0.491924	438.4
699	32.399163	18.045608	0.045034	0.581268	377.3
700	32.245181	18.069724	0.045006	0.501746	357.7
701	32.229016	18.083838	0.044990	0.536142	429.4
702	32.198210	18.100887	0.044970	0.526633	357.6
703	32.166172	18.114581	0.044955	0.546725	237.0
704	32.116850	18.158661	0.044904	0.513861	231.6
705	32.116496	18.155903	0.044907	0.521799	398.2
706	32.716682	18.151862	0.044912	0.538784	324.2
707	32.246258	18.207858	0.044848	0.577618	247.3
708	32.109255	18.246127	0.044804	0.516680	207.1
709	32.520591	18.329802	0.044709	0.516075	230.1
710	32.245357	18.334825	0.044703	0.477668	198.9
711	32.117231	18.327592	0.044711	0.427099	169.0
712	32.338834	18.341427	0.044695	0.521138	166.0
713	31.993730	18.342058	0.044695	0.519959	183.8
714	32.003196	18.370353	0.044663	0.505232	131.1
715	32.765671	18.359647	0.044675	0.556231	115.8
716	32.063020	18.404523	0.044624	0.502107	144.9
717	32.091802	18.420848	0.044605	0.464477	114.8
718	31.809930	18.463406	0.044557	0.516903	113.3
719	32.601448	18.486364	0.044531	0.573639	113.6
720	32.551339	18.518192	0.044495	0.508792	120.5
721	32.576754	18.567041	0.044441	0.490282	249.0
722	32.145402	18.605574	0.044397	0.479386	134.5
723	32.781948	18.625715	0.044375	0.579466	96.7
724	32.547081	18.661387	0.044335	0.454708	97.6
725	32.046471	18.694527	0.044298	0.567739	94.1
726	32.515989	18.696495	0.044296	0.520306	96.0
727	32.140432	18.725780	0.044263	0.513831	91.3
728	31.725932	18.734855	0.044253	0.533592	96.8
729	32.643332	18.788195	0.044194	0.540245	102.4
730	32.205815	18.781792	0.044201	0.527662	118.6
731	32.359022	18.850263	0.044125	0.487049	115.1
732	32.261527	18.857912	0.044116	0.505003	106.3
733	31.842055	18.885768	0.044085	0.514760	109.0
734	32.111909	18.894809	0.044075	0.518068	108.8
735	32.665786	18.943494	0.044022	0.504117	134.0
736	32.598981	18.954660	0.044009	0.498026	122.8
737	32.100381	18.965246	0.043998	0.570777	128.4
738	32.346009	18.961820	0.044002	0.536535	113.3
739	32.419326	19.020581	0.043937	0.494567	101.2
740	31.857649	19.004923	0.043954	0.500797	117.3
741	32.148541	19.030117	0.043926	0.520608	232.3
742	31.989107	19.011149	0.043947	0.420729	165.4
743	32.681151	19.036995	0.043919	0.647064	161.9
744	32.042318	19.067464	0.043886	0.585714	97.6
745	32.306473	19.126947	0.043820	0.494498	94.4
746	32.279077	19.170601	0.043773	0.475636	397.0
747	32.299399	19.188136	0.043754	0.502716	207.7
748	31.715810	19.211990	0.043728	0.456792	255.6
749	32.426634	19.229519	0.043709	0.592717	251.1
750	32.302302	19.308592	0.043623	0.442769	205.1
751	32.192769	19.329966	0.043600	0.475655	157.2
752	32.086704	19.329501	0.043600	0.431500	181.7
753	32.391173	19.346959	0.043581	0.548593	256.9
754	32.120865	19.347115	0.043581	0.411965	480.1
755	32.733311	19.342112	0.043587	0.508878	205.9
756	31.742257	19.351027	0.043577	0.484818	206.9
757	31.857146	19.366422	0.043560	0.528015	185.5
758	32.431887	19.370741	0.043556	0.539445	152.3
759	31.771135	19.403328	0.043521	0.428289	93.7
760	32.656693	19.451810	0.043469	0.543004	120.5
761	32.128542	19.471094	0.043448	0.485982	122.8
762	31.735467	19.490346	0.043427	0.466468	108.2
763	32.494564	19.514485	0.043401	0.476517	112.8
764	32.697426	19.525553	0.043389	0.501738	121.4
765	32.074700	19.539581	0.043374	0.502930	159.3
766	31.908408	19.551529	0.043362	0.477526	122.7
767	32.223785	19.566385	0.043346	0.473335	109.8
768	32.597147	19.585534	0.043325	0.493577	111.8
769	32.307494	19.603101	0.043307	0.508719	111.2
770	31.844744	19.636045	0.043271	0.476937	137.5
771	32.381498	19.670345	0.043235	0.534879	95.0
772	32.156509	19.715889	0.043187	0.422124	123.0
773	32.140353	19.717048	0.043185	0.427102	160.6
774	32.312403	19.722343	0.043180	0.524265	322.6
775	32.422511	19.718548	0.043184	0.445382	218.3
776	32.756081	19.731284	0.043170	0.527664	136.3
777	31.836138	19.736805	0.043164	0.522901	112.9
778	31.782586	19.752912	0.043147	0.511096	96.3
779	32.141472	19.747218	0.043153	0.548581	94.1
780	32.358735	19.753562	0.043147	0.455910	93.7
781	32.396682	19.772515	0.043127	0.485555	118.2
782	32.328559	19.812834	0.043084	0.567235	170.8
783	32.342892	19.811614	0.043085	0.491354	133.2
784	32.497024	19.820547	0.043076	0.554177	107.5
785	32.303073	19.851482	0.043043	0.473774	95.1
786	32.246568	19.876690	0.043017	0.469035	285.3
787	32.305863	19.870956	0.043023	0.494521	696.1
788	32.480286	19.897479	0.042995	0.618354	276.3
789	32.429693	19.935965	0.042954	0.482795	214.7
790	32.736811	19.957847	0.042931	0.518804	186.3
791	32.303451	19.984204	0.042904	0.512797	123.0
792	32.001948	19.989158	0.042899	0.512069	127.4
793	32.156963	20.019305	0.042867	0.584943	125.6
794	32.438207	20.066191	0.042818	0.597781	102.1
795	32.397304	20.053424	0.042832	0.575004	112.7
796	32.604978	20.120877	0.042761	0.441825	149.5
797	32.618353	20.146888	0.042734	0.490679	109.6
798	32.290676	20.128972	0.042753	0.530827	97.0
799	32.936099	20.162143	0.042718	0.571892	120.2
800	31.868517	20.193316	0.042686	0.471608	98.7
801	32.613372	20.217946	0.042661	0.541347	129.3
802	32.338006	20.256066	0.042621	0.559199	116.1
803	32.257131	20.294860	0.042581	0.465341	105.2
804	32.526606	20.322028	0.042553	0.505955	109.2
805	31.969686	20.339796	0.042535	0.485837	91.4
806	32.262552	20.370901	0.042503	0.545454	101.0
807	32.651223	20.407413	0.042465	0.490523	97.4
808	32.825907	20.429617	0.042443	0.509774	104.5
809	31.965283	20.431193	0.042441	0.491261	133.2
810	32.298279	20.485135	0.042386	0.529881	131.7
811	32.296544	20.493717	0.042377	0.490957	173.9
812	32.381860	20.512366	0.042358	0.493530	137.4
813	31.793039	20.531750	0.042338	0.488166	94.5
814	32.307913	20.582515	0.042287	0.478349	105.2
815	32.682349	20.584024	0.042285	0.566196	98.6
816	32.495450	20.650886	0.042217	0.563003	90.4
817	31.988352	20.662045	0.042206	0.490327	103.6
818	32.297742	20.660654	0.042207	0.618766	100.4
819	32.361089	20.690467	0.042177	0.559879	100.2
820	32.398808	20.736614	0.042130	0.502735	95.4
821	32.033842	20.784233	0.042082	0.520064	95.4
822	31.890349	20.780546	0.042086	0.458686	99.8
823	32.048625	20.813077	0.042053	0.565442	95.1
824	32.483443	20.842653	0.042024	0.479363	96.0
825	32.484844	20.865686	0.042001	0.475286	95.2
826	32.307617	20.881750	0.041984	0.538325	90.2
827	32.455129	20.898778	0.041967	0.555515	88.5
828	32.295994	20.936495	0.041930	0.487900	105.6
829	32.761745	20.989304	0.041877	0.487412	98.8
830	32.367065	20.999119	0.041867	0.515622	144.5
831	32.301212	21.044050	0.041822	0.547260	101.5
832	31.679516	21.042074	0.041824	0.487638	101.9
833	31.822295	21.077093	0.041790	0.462726	99.7
834	32.132040	21.102794	0.041764	0.479604	91.8
835	32.056952	21.128492	0.041739	0.447583	86.3
836	32.337324	21.135408	0.041732	0.608373	89.5
837	32.237630	21.199504	0.041668	0.534915	86.9
838	32.406817	21.242967	0.041625	0.427865	88.8
839	32.574064	21.269651	0.041599	0.423794	85.7
840	32.382131	21.277009	0.041592	0.449591	88.7
841	32.285841	21.301692	0.041568	0.473548	83.5
842	31.924615	21.330900	0.041539	0.443998	83.7
843	32.360620	21.380067	0.041491	0.491608	84.4
844	32.225450	21.398067	0.041473	0.469322	87.2
845	32.447024	21.435749	0.041436	0.512709	84.9
846	32.418480	21.464479	0.041408	0.543631	91.4
847	32.366267	21.492493	0.041381	0.525549	83.1
848	32.694166	21.509649	0.041364	0.580819	84.1
849	32.935618	21.569338	0.041306	0.453661	88.0
850	32.208879	21.622661	0.041255	0.474527	85.3
851	32.090017	21.631206	0.041246	0.479619	95.2
852	32.519576	21.620523	0.041257	0.503504	90.1
853	32.419641	21.648674	0.041229	0.433340	84.0
854	32.507116	21.652432	0.041226	0.560024	84.5
855	31.917393	21.639497	0.041238	0.467896	87.0
856	32.648484	21.671868	0.041207	0.484121	83.7
857	32.050673	21.710544	0.041170	0.495707	89.7
858	32.186836	21.720840	0.041160	0.557781	86.1
859	31.992162	21.769044	0.041113	0.449215	85.0
860	32.614951	21.801744	0.041082	0.582064	85.3
861	31.926179	21.843228	0.041042	0.561252	87.6
862	32.075955	21.885835	0.041001	0.472444	87.2
863	31.717034	21.924311	0.040965	0.494568	87.7
864	31.800291	21.951599	0.040939	0.462592	86.0
865	32.106756	21.991045	0.040901	0.465854	86.5
866	32.111528	22.011435	0.040882	0.518547	139.9
867	31.980237	22.033300	0.040861	0.470721	157.9
868	31.953764	22.089384	0.040808	0.528138	130.0
869	32.687743	22.127925	0.040771	0.459985	115.5
870	31.832357	22.135010	0.040765	0.469781	96.7
871	31.665171	22.113714	0.040785	0.454551	94.2
872	32.412557	22.144079	0.040756	0.504086	113.9
873	32.032487	22.133846	0.040766	0.534305	216.4
874	32.245672	22.174459	0.040727	0.556671	182.5
875	32.228656	22.202311	0.040701	0.497516	99.5
876	32.226149	22.239744	0.040666	0.508368	92.8
877	31.988489	22.256737	0.040650	0.470718	95.4
878	32.952231	22.280005	0.040628	0.519328	111.9
879	32.409671	22.301713	0.040608	0.537069	96.4
880	32.310565	22.352862	0.040560	0.506502	91.1
881	32.033434	22.395708	0.040520	0.509962	116.4
882	32.404039	22.427684	0.040490	0.542024	106.2
883	32.636343	22.487401	0.040434	0.549863	90.8
884	32.370075	22.554934	0.040372	0.521307	95.8
885	32.268227	22.559013	0.040368	0.462987	226.0
886	31.863025	22.580188	0.040348	0.425670	234.6
887	32.409134	22.577660	0.040351	0.508598	95.1
888	32.439275	22.577686	0.040350	0.533999	98.7
889	31.739456	22.589856	0.040339	0.511503	95.7
890	31.904840	22.602157	0.040328	0.467967	110.1
891	32.075243	22.567741	0.040360	0.461317	101.5
892	32.746432	22.602899	0.040327	0.512349	103.1
893	32.633432	22.616261	0.040315	0.441717	105.3
894	32.000750	22.639861	0.040293	0.432168	106.5
895	31.776511	22.691021	0.040246	0.469525	108.4
896	31.805332	22.716925	0.040222	0.461422	103.7
897	32.503665	22.750210	0.040191	0.460156	96.4
898	32.054526	22.763629	0.040179	0.499651	98.7
899	32.080713	22.762482	0.040180	0.426869	93.9
900	31.577143	22.782781	0.040161	0.479871	128.7
901	32.221081	22.792253	0.040153	0.464308	107.8
902	32.271687	22.807552	0.040139	0.526024	90.8
903	32.454940	22.824371	0.040123	0.523395	91.4
904	32.015855	22.841069	0.040108	0.420132	89.8
905	32.443517	22.869885	0.040082	0.540429	88.6
906	32.274657	22.876881	0.040075	0.516057	95.2
907	32.154544	22.908597	0.040046	0.466138	97.1
908	32.254119	22.922372	0.040034	0.554776	95.4
909	32.443531	22.907931	0.040047	0.541187	96.9
910	32.302640	22.952352	0.040007	0.538913	95.3
911	31.891052	23.002568	0.039961	0.529560	97.1
912	32.696255	23.007173	0.039957	0.557457	87.2
913	31.975744	23.073485	0.039897	0.523886	84.1
914	32.435340	23.117286	0.039857	0.496559	87.9
915	32.100376	23.177233	0.039803	0.481759	85.6
916	32.544120	23.157595	0.039821	0.533619	83.1
917	31.976312	23.127132	0.039848	0.519683	83.7
918	32.112486	23.120108	0.039854	0.518509	83.7
919	32.500580	23.160266	0.039818	0.502932	84.4
920	32.151314	23.162837	0.039816	0.512315	83.9
921	32.567909	23.142964	0.039834	0.494844	83.0
922	32.382331	23.151938	0.039826	0.488864	83.3
923	32.203841	23.172631	0.039807	0.465503	84.9
924	32.115723	23.186735	0.039794	0.572675	85.1
925	32.245385	23.177164	0.039803	0.433343	83.8
926	32.079766	23.200803	0.039782	0.531901	83.0
927	32.083538	23.224051	0.039761	0.515856	84.3
928	31.940350	23.263778	0.039725	0.456293	83.3
929	31.996114	23.325101	0.039670	0.446554	83.1
930	32.256756	23.340738	0.039656	0.492327	84.1
931	32.018720	23.369928	0.039630	0.512180	83.3
932	32.023057	23.382810	0.039619	0.511419	85.5
933	31.952784	23.388470	0.039613	0.462599	83.0
934	32.297324	23.399803	0.039603	0.515379	84.0
935	32.134596	23.418655	0.039587	0.550042	83.8
936	32.876468	23.432964	0.039574	0.504729	84.4
937	32.492497	23.468037	0.039543	0.501316	82.4
938	32.326380	23.505976	0.039509	0.503381	87.0
939	32.195735	23.515728	0.039500	0.500850	83.7
940	32.132945	23.501159	0.039513	0.464609	86.3
941	32.226515	23.537289	0.039481	0.449629	84.3
942	32.131619	23.555068	0.039465	0.445541	85.0
943	32.180835	23.567744	0.039454	0.475672	84.3
944	32.556404	23.569099	0.039453	0.449236	84.4
945	32.151321	23.577536	0.039445	0.487459	84.5
946	31.793165	23.595561	0.039430	0.469675	84.3
947	32.489080	23.616440	0.039411	0.457279	84.4
948	32.400084	23.616512	0.039411	0.566006	82.0
949	32.532662	23.633232	0.039396	0.583841	83.1
950	32.791994	23.678191	0.039357	0.471097	83.4
951	32.603149	23.690057	0.039346	0.542737	85.5
952	32.227460	23.693005	0.039344	0.459073	83.6
953	32.262917	23.724749	0.039316	0.500928	85.8
954	31.950242	23.753744	0.039290	0.472569	82.4
955	32.546732	23.753747	0.039290	0.576133	82.9
956	32.118388	23.758517	0.039286	0.486500	84.2
957	32.453434	23.790145	0.039258	0.547110	84.0
958	32.617382	23.802881	0.039247	0.662348	84.0
959	32.183550	23.836802	0.039217	0.524268	83.8
960	32.411522	23.835290	0.039219	0.464801	83.8
961	32.444508	23.833621	0.039220	0.478863	85.1
962	32.715258	23.857561	0.039199	0.552684	83.6
963	32.056634	23.850038	0.039206	0.514572	83.9
964	32.179066	23.867888	0.039190	0.554915	82.6
965	32.392010	23.939921	0.039127	0.466938	86.4
966	32.255174	23.980647	0.039092	0.548128	83.1
967	32.064670	23.997854	0.039077	0.449973	83.6
968	32.389538	24.024837	0.039054	0.565312	83.4
969	32.390898	24.013705	0.039063	0.474151	84.8
970	32.313870	24.051412	0.039031	0.550604	83.3
971	32.033735	24.060198	0.039023	0.565584	84.1
972	32.126969	24.089820	0.038997	0.496999	84.2
973	32.043529	24.108220	0.038981	0.532273	84.4
974	32.013020	24.114414	0.038976	0.544267	84.6
975	32.191218	24.163584	0.038934	0.541000	83.7
976	32.178460	24.183988	0.038916	0.489812	82.4
977	32.600209	24.204886	0.038898	0.520880	84.1
978	32.126365	24.227932	0.038878	0.506905	85.1
979	32.191733	24.272414	0.038840	0.560649	85.8
980	32.485497	24.316378	0.038802	0.520895	85.2
981	32.424526	24.334773	0.038787	0.519005	84.8
982	32.466204	24.359354	0.038766	0.584381	83.6
983	31.798597	24.408202	0.038724	0.500854	84.4
984	32.278245	24.439735	0.038697	0.466018	85.4
985	32.379074	24.440669	0.038696	0.582739	82.8
986	32.426020	24.440606	0.038696	0.490191	85.0
987	32.284966	24.449554	0.038689	0.478219	83.8
988	32.441420	24.469432	0.038672	0.548366	83.6
989	32.322406	24.464699	0.038676	0.552578	86.1
990	32.309008	24.479239	0.038663	0.492746	83.7
991	32.222642	24.517221	0.038631	0.504524	82.1
992	32.610209	24.529751	0.038620	0.491678	84.7
993	32.159811	24.537727	0.038614	0.456589	83.5
994	32.294027	24.553642	0.038600	0.492372	82.7
995	32.110071	24.583848	0.038575	0.462820	83.0
996	32.043484	24.606863	0.038555	0.485470	85.7
997	32.110206	24.611346	0.038551	0.483211	83.8
998	32.490226	24.618120	0.038546	0.538814	84.1
999	32.063751	24.659172	0.038511	0.529394	84.8
