(Transform "AffineLogStackTransform")
(NumberOfParameters 138)
(TransformParameters -0.006103 0.000123 0.001116 -0.010531 -0.234148 0.160452 -0.006570 0.000889 0.003180 -0.007312 -3.732752 2.412121 -0.003746 -0.000899 0.000464 -0.005815 0.607713 -0.090707 -0.003781 0.000033 0.000394 -0.003484 0.125486 1.180744 -0.001990 -0.000553 0.000903 -0.001732 1.059840 2.366779 -0.001619 -0.000127 0.001093 -0.000588 -3.363296 -0.375999 -0.000167 -0.000716 0.000762 0.000391 1.568461 -0.923242 0.000022 0.000189 -0.000674 0.001027 0.996942 -2.676701 -0.001340 -0.000644 0.000734 -0.000177 1.334867 2.373301 0.000844 -0.000052 -0.001067 0.001278 2.944351 -1.778581 0.000312 -0.000982 0.000602 0.000918 -1.621430 -0.079567 0.001078 0.000296 -0.000546 0.001879 -2.205828 -2.699177 0.000934 -0.000273 -0.001075 0.001008 3.578244 -1.728905 0.001553 0.000274 -0.000607 0.002232 -1.345603 1.335530 0.001873 -0.000509 0.000258 0.001979 -0.199778 2.270497 0.001888 0.001175 -0.000628 0.002694 -1.962487 -1.459009 0.001889 -0.000495 -0.000672 0.001770 2.879958 0.634860 0.002176 0.001157 -0.000472 0.002581 0.064807 -1.886240 0.002489 -0.000235 -0.000725 0.001885 1.646253 2.403126 0.001889 0.000378 -0.000680 0.002752 -1.961981 1.236642 0.002557 -0.000112 -0.000635 0.002330 1.805221 1.288833 0.002708 0.000667 -0.001686 0.002109 0.609462 -3.182544 0.003103 0.000417 -0.000040 0.002806 -2.594300 -0.782214)
(InitialTransformParametersFileName "NoInitialTransform")
(UseBinaryFormatForTransformationParameters "false")
(HowToCombineTransforms "Compose")

// Image specific
(FixedImageDimension 3)
(MovingImageDimension 3)
(FixedInternalImagePixelType "float")
(MovingInternalImagePixelType "float")
(Size 90 108 23)
(Index 0 0 0)
(Spacing 1.0000000000 1.0000000000 1.0000000000)
(Origin 0.0000000000 0.0000000000 0.0000000000)
(Direction -1.0000000000 0.0000000000 0.0000000000 0.0000000000 -1.0000000000 0.0000000000 0.0000000000 0.0000000000 1.0000000000)
(UseDirectionCosines "true")

// AffineLogStackTransform specific
(CenterOfRotationPoint -44.5000000000 -53.5000000000)
(StackSpacing 1.0000000000)
(StackOrigin 0.0000000000)
(NumberOfSubTransforms 23)

// ResampleInterpolator specific
(ResampleInterpolator "FinalReducedDimensionBSplineInterpolator")
(FinalBSplineInterpolationOrder 3)

// Resampler specific
(Resampler "DefaultResampler")
(DefaultPixelValue 0.000000)
(ResultImageFormat "nii.gz")
(ResultImagePixelType "float")
(CompressResultImage "false")
